# ISO-Datum	Mitgl	stimmb	Quelle
20071125	25		https://wiki.piratenpartei.de/Landesverband_Baden-W%C3%BCrttemberg/Gr%C3%BCndung/Protokoll
20071213			https://wiki.piratenpartei.de/2007-12-13_-_Protokoll_Vorstandssitzung_BW
20080122	91
20080405	99
20080406			https://wiki.piratenpartei.de/2008-04-06_-_Protokoll_Vorstandssitzung_BW
20080706			https://wiki.piratenpartei.de/2008-07-06_-_Protokoll_Vorstandssitzung_BW
20080728			https://wiki.piratenpartei.de/2009-07-28_-_Protokoll_Vorstandssitzung_BW
20081206	90
20081210	88
20081216	86
20090103	86
20090121	83
20090124	85
20090125	86
20090126	87
20090202	88
20090227	89
20090305	90
20090308	89
20090312	92
20090314	91
20090329	93
20090411	92
20090420	93
20090421	95
20090423	100
20090424	103
20090428	106
20090506	108
20090509	111
20090512	114
20090515	117
20090517	118
20090519	124
20090524	125
20090526	129
20090601	134
20090602	135
20090603	138
20090614	183
20090616	197
20090621	272
20090624	371
20090628	435
20090702	507
20090712	566
20090713	606
20090726	679
20090802	712
20090816	817
20090818	837
20090819	850
20090826	903
20090827	918
20090901	1006
20090916	1183
20090924	1306
20090927	1350
20090929	1409
20091004	1449
20091013	1473
20091014			https://wiki.piratenpartei.de/2009-10-14_-_Protokoll_Vorstandssitzung_BW
20091018	1485
20091025	1497
20091121	1515
#20091201	1550		https://wiki.piratenpartei.de/2009-12-01_-_Protokoll_Vorstandssitzung_BW
20100426	1503		https://wiki.piratenpartei.de/Landesverband_Baden-W%C3%BCrttemberg/Vorstand/Protokoll/2010-04-26_-_Vorstandssitzung#aktuelle_Kennzahlen
20100506	1507		https://wiki.piratenpartei.de/Landesverband_Baden-W%C3%BCrttemberg/Vorstand/Protokoll/2010-05-06_-_Vorstandssitzung#aktuelle_Kennzahlen
20100517	1440		https://wiki.piratenpartei.de/Landesverband_Baden-W%C3%BCrttemberg/Vorstand/Protokoll/2010-05-17_-_Vorstandssitzung#aktuelle_Kennzahlen
20100525	1446
20100526	1446		https://wiki.piratenpartei.de/Landesverband_Baden-W%C3%BCrttemberg/Vorstand/Protokoll/2010-05-26_-_Vorstandssitzung#aktuelle_Kennzahlen
20100604	1448		https://wiki.piratenpartei.de/Landesverband_Baden-W%C3%BCrttemberg/Vorstand/Protokoll/2010-06-04_-_Vorstandssitzung#aktuelle_Kennzahlen
20100609	1457		https://wiki.piratenpartei.de/Landesverband_Baden-W%C3%BCrttemberg/Vorstand/Protokoll/2010-06-09-_Vorstandssitzung#aktuelle_Kennzahlen
20100613	1458		https://wiki.piratenpartei.de/Landesverband_Baden-W%C3%BCrttemberg/Vorstand/Protokoll/2010-06-17_-_Vorstandssitzung#aktuelle_Kennzahlen
20100617			https://wiki.piratenpartei.de/Landesverband_Baden-W%C3%BCrttemberg/Vorstand/Protokoll/2010-06-17_-_Vorstandssitzung#aktuelle_Kennzahlen
20100623			https://wiki.piratenpartei.de/Landesverband_Baden-W%C3%BCrttemberg/Vorstand/Protokoll/2010-06-23_-_Vorstandssitzung#aktuelle_Kennzahlen
20100701	1469		https://wiki.piratenpartei.de/Landesverband_Baden-W%C3%BCrttemberg/Vorstand/Protokoll/2010-07-01_-_Vorstandssitzung#aktuelle_Kennzahlen
20100715	1417		https://wiki.piratenpartei.de/Landesverband_Baden-W%C3%BCrttemberg/Vorstand/Protokoll/2010-07-15_-_Vorstandssitzung#aktuelle_Kennzahlen
20100721	1423		https://wiki.piratenpartei.de/Landesverband_Baden-W%C3%BCrttemberg/Vorstand/Protokoll/2010-07-21_-_Vorstandssitzung#aktuelle_Kennzahlen
20100804	1412		https://wiki.piratenpartei.de/Landesverband_Baden-W%C3%BCrttemberg/Vorstand/Protokoll/2010-08-04_-_Vorstandssitzung#aktuelle_Kennzahlen
20100818	1416		https://wiki.piratenpartei.de/Landesverband_Baden-W%C3%BCrttemberg/Vorstand/Protokoll/2010-08-18_-_Vorstandssitzung#aktuelle_Kennzahlen
20100901	1422		https://wiki.piratenpartei.de/Landesverband_Baden-W%C3%BCrttemberg/Vorstand/Protokoll/2010-09-01_-_Vorstandssitzung#aktuelle_Kennzahlen
20100915	1436		https://wiki.piratenpartei.de/Landesverband_Baden-W%C3%BCrttemberg/Vorstand/Protokoll/2010-09-15_-_Vorstandssitzung#aktuelle_Kennzahlen
20100925	1446
20100929	1445		https://wiki.piratenpartei.de/Landesverband_Baden-W%C3%BCrttemberg/Vorstand/Protokoll/2010-09-29_-_Vorstandssitzung#aktuelle_Kennzahlen
20101003	1444
20101013	1446		https://wiki.piratenpartei.de/Landesverband_Baden-W%C3%BCrttemberg/Vorstand/Protokoll/2010-10-13_-_Vorstandssitzung#aktuelle_Kennzahlen
20101027	1444		https://wiki.piratenpartei.de/Landesverband_Baden-W%C3%BCrttemberg/Vorstand/Protokoll/2010-10-27_-_Vorstandssitzung#aktuelle_Kennzahlen
20101101	1445
20101110	1446		http://vorstandbawue.piratenpad.de/ep/pad/view/ro.9uJFA87ilq2YVpv$FN6i/latest
20101112	1446
20101116	1444
20101124	1444		https://wiki.piratenpartei.de/Landesverband_Baden-W%C3%BCrttemberg/Vorstand/Protokoll/2010-11-24_-_Vorstandssitzung#aktuelle_Kennzahlen
20101130	1444
20101207	1445
20101208	1445		https://wiki.piratenpartei.de/Landesverband_Baden-W%C3%BCrttemberg/Vorstand/Protokoll/2010-12-08_-_Vorstandssitzung#aktuelle_Kennzahlen
20101213	1447
20101221	1447
20101222	1447		https://wiki.piratenpartei.de/Landesverband_Baden-W%C3%BCrttemberg/Vorstand/Protokoll/2010-12-22_-_Vorstandssitzung#aktuelle_Kennzahlen
20110105	1446		https://wiki.piratenpartei.de/Landesverband_Baden-W%C3%BCrttemberg/Vorstand/Protokoll/2011-01-05_-_Vorstandssitzung#aktuelle_Kennzahlen
20110108	1445
20110119	1453		https://wiki.piratenpartei.de/Landesverband_Baden-W%C3%BCrttemberg/Vorstand/Protokoll/2011-01-19_-_Vorstandssitzung#aktuelle_Kennzahlen
20110120	1453
20110201	1448
20110202	1448		https://wiki.piratenpartei.de/Landesverband_Baden-W%C3%BCrttemberg/Vorstand/Protokoll/2011-02-02_-_Vorstandssitzung#aktuelle_Kennzahlen
20110216	1446		https://wiki.piratenpartei.de/Landesverband_Baden-W%C3%BCrttemberg/Vorstand/Protokoll/2011-02-16_-_Vorstandssitzung#aktuelle_Kennzahlen
20110302	1457		https://wiki.piratenpartei.de/Landesverband_Baden-W%C3%BCrttemberg/Vorstand/Protokoll/2011-03-02_-_Vorstandssitzung#aktuelle_Kennzahlen
20110304	1460
20110307	1465
20110311	1469
20110316	1474		http://vorstandbawue.piratenpad.de/ep/pad/view/ro.9AfOSt$wf8VOjyJ52KUMYL/latest
20110326	1485
20110330	1507		https://wiki.piratenpartei.de/Landesverband_Baden-W%C3%BCrttemberg/Vorstand/Protokoll/2011-03-30_-_Vorstandssitzung#aktuelle_Kennzahlen
20110404	1517
20110405	1517
20110413	1520		https://wiki.piratenpartei.de/Landesverband_Baden-W%C3%BCrttemberg/Vorstand/Protokoll/2011-04-13_-_Vorstandssitzung#aktuelle_Kennzahlen
20110419	1552
20110502	1559
20110511	1562		https://wiki.piratenpartei.de/Landesverband_Baden-W%C3%BCrttemberg/Vorstand/Protokoll/2011-05-11_-_Vorstandssitzung#aktuelle_Kennzahlen
20110525	1569		https://wiki.piratenpartei.de/Landesverband_Baden-W%C3%BCrttemberg/Vorstand/Protokoll/2011-05-25_-_Vorstandssitzung#aktuelle_Kennzahlen
20110531	1573
20110603	1574
20110608	1581		https://wiki.piratenpartei.de/Landesverband_Baden-W%C3%BCrttemberg/Vorstand/Protokoll/2011-06-08_-_Vorstandssitzung#aktuelle_Kennzahlen
20110614	1581
20110619	1580		https://wiki.piratenpartei.de/RP:2011-06-19_-_59._Vorstandssitzung
20110622	1580		https://wiki.piratenpartei.de/Landesverband_Baden-W%C3%BCrttemberg/Vorstand/Protokoll/2011-06-22_-_Vorstandssitzung#aktuelle_Kennzahlen
20110704	1583
20110706	1584		https://wiki.piratenpartei.de/Landesverband_Baden-W%C3%BCrttemberg/Vorstand/Protokoll/2011-07-06_-_Vorstandssitzung#aktuelle_Kennzahlen
20110707	1582		http://vorstand.piratenpartei.de/2011/07/11/protokoll-zur-vorstandssitzung-2011-07-07/#Aktuelle_Kennzahlen
20110709	1579
20110720	1579		https://wiki.piratenpartei.de/Landesverband_Baden-W%C3%BCrttemberg/Vorstand/Protokoll/2011-07-20_-_Vorstandssitzung#aktuelle_Kennzahlen
20110723	1578
20110803	1575		https://wiki.piratenpartei.de/Landesverband_Baden-W%C3%BCrttemberg/Vorstand/Protokoll/2011-08-03_-_Vorstandssitzung#aktuelle_Kennzahlen
20110817	1575		https://wiki.piratenpartei.de/BW:Vorstand/Protokoll/2011-08-17_-_Vorstandssitzung#aktuelle_Kennzahlen
20110831	1573		https://wiki.piratenpartei.de/BW:Vorstand/Protokoll/2011-08-31_-_Vorstandssitzung#aktuelle_Kennzahlen
20110915	1574		http://vorstand.piratenpartei.de/2011/09/27/protokoll-zur-vorstandssitzung-2011-15-09/#Aktuelle_Kennzahlen
20110916	1574
20110924	1600
20110927	1611
20110928	1615		https://wiki.piratenpartei.de/BW:Vorstand/Protokoll/2011-09-28_-_Vorstandssitzung#aktuelle_Kennzahlen
20110929	1617		http://vorstand.piratenpartei.de/2011/10/03/protokoll-zur-vorstandssitzung-2011-09-29/#Aktuelle_Kennzahlen
20111001	1623
20111006	1628
20111009	1675
20111011	1695
20111012	1700
20111013	1713		http://vorstand.piratenpartei.de/2011/10/27/protokoll-zur-vorstandssitzung-2011-10-13/
20111014	1716
20111021	1778
20111022	1828
20111026	1871		https://wiki.piratenpartei.de/BW:Vorstand/Protokoll/2011-10-26_-_Vorstandssitzung#aktuelle_Kennzahlen
20111102	1913
#20111109	1923
20111109	1927		https://wiki.piratenpartei.de/BW:Vorstand/Protokoll/2011-11-09_-_Vorstandssitzung#aktuelle_Kennzahlen
20111113	2017
20111114	2026
20111115	2075
20111118	2111
20111119	2119
20111120	2122
20111123	2136	1305	https://wiki.piratenpartei.de/BW:Vorstand/Protokoll/2011-11-23_-_Vorstandssitzung#aktuelle_Kennzahlen
20111202	2204
#20111204	2202		http://piratenpartei.wortgewalt.de/docs/bpt112/
20111207	2213	1356	https://wiki.piratenpartei.de/BW:Vorstand/Protokoll/2011-12-07_-_Vorstandssitzung#aktuelle_Kennzahlen
20111210	2231
20111221	2250		https://wiki.piratenpartei.de/BW:Vorstand/Protokoll/2011-12-21_-_Vorstandssitzung#aktuelle_Kennzahlen
20111230	2284
20111231	2288
20120106	2304		https://wiki.piratenpartei.de/BW:Vorstand/Protokoll/2012-01-06_-_Vorstandssitzung#aktuelle_Kennzahlen
20120114	2354
20120115	2354		https://wiki.piratenpartei.de/BW:Vorstand/Protokoll/2012-02-01_-_Vorstandssitzung#aktuelle_Kennzahlen
20120118	2354	193	https://wiki.piratenpartei.de/BW:Vorstand/Protokoll/2012-01-18_-_Vorstandssitzung#aktuelle_Kennzahlen
20120215	2431	873	https://wiki.piratenpartei.de/BW:Vorstand/Protokoll/2012-02-15_-_Vorstandssitzung#aktuelle_Kennzahlen
20120229	2599	1022	https://wiki.piratenpartei.de/BW:Vorstand/Protokoll/2012-02-29_-_Vorstandssitzung#aktuelle_Kennzahlen
20120416	3105
20120419	3165	1164	https://wiki.piratenpartei.de/BW:Vorstand/Protokoll/2012-04-19_-_Vorstandssitzung#aktuelle_Kennzahlen
20120422	3277	1701	https://wiki.piratenpartei.de/BW:Vorstand/Protokoll/2012-05-13_-_Vorstandssitzung#aktuelle_Kennzahlen
20120426	3331
#20120427	3277	1701	https://wiki.piratenpartei.de/BW:Vorstand/Protokoll/2012-05-03_-_Vorstandssitzung#aktuelle_Kennzahlen
20120429	3273		https://wiki.piratenpartei.de/Bundesparteitag_2012.1#Akkreditierungsstatistik
20120531	3350		https://wiki.piratenpartei.de/BW:Vorstand/Protokoll/2012-05-31_-_Vorstandssitzung#aktuelle_Kennzahlen
20120602	3599
20120606	3624
20120614	3622	1873	https://wiki.piratenpartei.de/BW:Vorstand/Protokoll/2012-06-14_-_Vorstandssitzung#aktuelle_Kennzahlen
20120615	3643
20120627	3730
20120628	3730	1909	https://wiki.piratenpartei.de/BW:Vorstand/Protokoll/2012-06-28_-_Vorstandssitzung#aktuelle_Kennzahlen
20120630	3724
20120704	3727
20120712	3727	2087	https://wiki.piratenpartei.de/BW:Vorstand/Protokoll/2012-07-12_-_Vorstandssitzung#aktuelle_Kennzahlen
20120714	3741
20120718	3740
20120722	3748
20120726	3760	2112	https://wiki.piratenpartei.de/BW:Vorstand/Protokoll/2012-07-26_-_Vorstandssitzung#aktuelle_Kennzahlen
20120801	3770
20120803	3769
20120809	3787
20120818	3799
20120819	3799	2162	https://wiki.piratenpartei.de/BW:Vorstand/Protokoll/2012-08-19_-_Vorstandssitzung#aktuelle_Kennzahlen
20120823	3799	2162	https://wiki.piratenpartei.de/BW:Vorstand/Protokoll/2012-08-23_-_Vorstandssitzung#aktuelle_Kennzahlen
20120906	3806	2164	https://wiki.piratenpartei.de/BW:Vorstand/Protokoll/2012-09-06_-_Vorstandssitzung#aktuelle_Kennzahlen
20120920	3813	2172	https://wiki.piratenpartei.de/BW:Vorstand/Protokoll/2012-09-20_-_Vorstandssitzung#aktuelle_Kennzahlen
20120926	3811	2170	https://wiki.piratenpartei.de/BW:Vorstand/Protokoll/2012-10-04_-_Vorstandssitzung#aktuelle_Kennzahlen
20121005	3793
20121018	3813	2169	https://wiki.piratenpartei.de/BW:Vorstand/Protokoll/2012-10-18_-_Vorstandssitzung#aktuelle_Kennzahlen
20121021	3812	2168
20121027	3806	866	http://www.machmaldieaugenauf.de/2012/10/27/vorbereitung-der-bpt-akkreditierung/
20121029	3802	2209	https://wiki.piratenpartei.de/BW:Vorstand/Protokoll/2012-11-01_-_Vorstandssitzung#aktuelle_Kennzahlen
20121105	3789	833	http://www.machmaldieaugenauf.de/2012/10/27/vorbereitung-der-bpt-akkreditierung/
20121108	3795	2215
20121111	3792	863	http://www.machmaldieaugenauf.de/2012/10/27/vorbereitung-der-bpt-akkreditierung/
20121115	3795	2224	https://wiki.piratenpartei.de/BW:Vorstand/Protokoll/2012-11-15_-_Vorstandssitzung#aktuelle_Kennzahlen
20121118	3792	1454	http://www.machmaldieaugenauf.de/2012/10/27/vorbereitung-der-bpt-akkreditierung/
20121125	3783	1960	http://www.machmaldieaugenauf.de/2012/11/22/infos-zur-akkreditierung-beim-piraten-bundesparteitag-2012-2-bpt122/
20121128	3783	1960	http://www.machmaldieaugenauf.de/2012/11/28/abschliesende-statistiken-bpt122/
20121129	3803	2222	https://wiki.piratenpartei.de/BW:Vorstand/Protokoll/2012-11-29_-_Vorstandssitzung#aktuelle_Kennzahlen
20130104	3644	3
20130110	3631		https://wiki.piratenpartei.de/BW:Vorstand/Protokoll/2013-01-10_-_Vorstandssitzung#aktuelle_Kennzahlen
20130113	3593	3
20130124	3594		https://wiki.piratenpartei.de/BW:Vorstand/Protokoll/2013-01-24_-_Vorstandssitzung#aktuelle_Kennzahlen
20130215	3533	222
20130220	3532		https://wiki.piratenpartei.de/BW:Vorstand/Protokoll/2013-02-21_-_Vorstandssitzung#aktuelle_Kennzahlen
20130307	3505	289	https://wiki.piratenpartei.de/BW:Vorstand/Protokoll/2013-03-07_-_Vorstandssitzung#aktuelle_Kennzahlen
20130309	3508	594
20130310	3508		https://wiki.piratenpartei.de/BW:Vorstand/Protokoll/2013-03-10_-_Vorstandssitzung#aktuelle_Kennzahlen
20130314	3506	2043	https://wiki.piratenpartei.de/BW:Vorstand/Protokoll/2013-03-14_-_Vorstandssitzung#aktuelle_Kennzahlen
20130321	3501	600	https://wiki.piratenpartei.de/BW:Vorstand/Protokoll/2013-03-22_-_Vorstandssitzung#aktuelle_Kennzahlen
20130405	3478		https://wiki.piratenpartei.de/BW:Vorstand/Protokoll/2013-04-05_-_Vorstandssitzung#aktuelle_Kennzahlen
20130422	3473	607	http://www.machmaldieaugenauf.de/2013/04/22/vorbereitung-der-akkreditierung-zum-bpt-in-neumarkt/
20130426	3462		https://wiki.piratenpartei.de/BW:Vorstand/Protokoll/2013-04-26_-_Vorstandssitzung#aktuelle_Kennzahlen
20130428	3463	605	http://www.machmaldieaugenauf.de/2013/04/22/vorbereitung-der-akkreditierung-zum-bpt-in-neumarkt/
20130505	3463	606	http://www.machmaldieaugenauf.de/2013/04/22/vorbereitung-der-akkreditierung-zum-bpt-in-neumarkt/
20130508	3453	837
20130512	3453	891	http://www.machmaldieaugenauf.de/2013/05/08/infos-zur-akkreditierung-beim-piraten-bundesparteitag-2013-2-bpt131/
20130513	3453	891	http://www.machmaldieaugenauf.de/2013/05/13/abschliesende-statistiken-bpt131/
20130517	3452		https://wiki.piratenpartei.de/BW:Vorstand/Protokoll/2013-05-17_-_Vorstandssitzung#aktuelle_Kennzahlen
20130531	3425		https://wiki.piratenpartei.de/BW:Vorstand/Protokoll/2013-05-31_-_Vorstandssitzung#aktuelle_Kennzahlen
20130614	3425		https://wiki.piratenpartei.de/BW:Vorstand/Protokoll/2013-06-14_-_Vorstandssitzung#aktuelle_Kennzahlen
20130623	3420	919
20130628	3412	919	https://wiki.piratenpartei.de/BW:Vorstand/Protokoll/2013-06-28_-_Vorstandssitzung#aktuelle_Kennzahlen
20130726	3403		https://wiki.piratenpartei.de/BW:Vorstand/Protokoll/2013-07-26_-_Vorstandssitzung#aktuelle_Kennzahlen
20130811	3408		https://wiki.piratenpartei.de/BW:Vorstand/Protokoll/2013-08-11_-_Vorstandssitzung#aktuelle_Kennzahlen
20130823	3393	877	https://wiki.piratenpartei.de/BW:Vorstand/Protokoll/2013-08-23_-_Vorstandssitzung#aktuelle_Kennzahlen
20130825	3393	877
20130906	3395		https://wiki.piratenpartei.de/BW:Vorstand/Protokoll/2013-09-06_-_Vorstandssitzung#aktuelle_Kennzahlen
20131004	3284	1006	https://wiki.piratenpartei.de/BW:Vorstand/Protokoll/2013-10-04_-_Vorstandssitzung#aktuelle_Kennzahlen
20131026	3170	1193	http://www.machmaldieaugenauf.de/2013/10/26/vorbereitung-der-akkreditierung-zum-bpt-in-bremen/
20131117	3156		https://wiki.piratenpartei.de/BW:Vorstand/Protokoll/2013-11-17_-_Vorstandssitzung#aktuelle_Kennzahlen
20131118	3155	1229	http://www.machmaldieaugenauf.de/2013/10/26/vorbereitung-der-akkreditierung-zum-bpt-in-bremen/
20131123	3145	1242	http://www.machmaldieaugenauf.de/2013/10/26/vorbereitung-der-akkreditierung-zum-bpt-in-bremen/
20131201	3092	1269	http://www.machmaldieaugenauf.de/2013/12/02/abschliessende-statistiken-zum-bpt132/
20131212	3000	1326
20131215	2973		https://wiki.piratenpartei.de/BW:Vorstand/Protokoll/2013-12-15_-_Vorstandssitzung#aktuelle_Kennzahlen
#20140105	2934		http://blog.alexzinser.de/?p=90
20140105	2949	239	http://www.machmaldieaugenauf.de/2014/02/10/abschliessende-akkreditierungsstatistiken-zum-bpt141-und-zur-av-eu/
20140117	2945	314
20140208	2926		https://wiki.piratenpartei.de/BW:Vorstand/Protokoll/2014-02-08_-_Vorstandssitzung#aktuelle_Kennzahlen
20140223	2916		https://wiki.piratenpartei.de/BW:Vorstand/Protokoll/2014-02-23_-_Vorstandssitzung#aktuelle_Kennzahlen
20140303	2896	518
20140305	2866		https://wiki.piratenpartei.de/BW:Vorstand/Protokoll/2014-03-05_-_Vorstandssitzung#aktuelle_Kennzahlen
20140318	2794	668	https://wiki.piratenpartei.de/BW:Vorstand/Protokoll/2014-03-19_-_Vorstandssitzung#aktuelle_Kennzahlen
20140402	2780	710	https://wiki.piratenpartei.de/BW:Vorstand/Protokoll/2014-04-02_-_Vorstandssitzung#aktuelle_Kennzahlen
20140416	2785		https://wiki.piratenpartei.de/BW:Vorstand/Protokoll/2014-04-16_-_Vorstandssitzung#aktuelle_Kennzahlen
20140502	2784		https://wiki.piratenpartei.de/BW:Vorstand/Protokoll/2014-05-02_-_Vorstandssitzung#aktuelle_Kennzahlen
20140510	2761	756	https://wiki.piratenpartei.de/BW:Vorstand/Protokoll/2014-05-14_-_Vorstandssitzung#aktuelle_Kennzahlen
20140528	2764		https://wiki.piratenpartei.de/BW:Vorstand/Protokoll/2014-05-28_-_Vorstandssitzung#aktuelle_Kennzahlen
20140625	2743		https://wiki.piratenpartei.de/BW:Vorstand/Protokoll/2014-06-25_-_Vorstandssitzung#aktuelle_Kennzahlen
20140709	2695		https://wiki.piratenpartei.de/BW:Vorstand/Protokoll/2014-07-09_-_Vorstandssitzung#aktuelle_Kennzahlen
20140712	2506	786
20140714	2498	860
20140723	2501		https://wiki.piratenpartei.de/BW:Vorstand/Protokoll/2014-07-23_-_Vorstandssitzung#aktuelle_Kennzahlen
20140806	2458		https://wiki.piratenpartei.de/BW:Vorstand/Protokoll/2014-08-06_-_Vorstandssitzung#aktuelle_Kennzahlen
20140817	2446	935
20140828	2434		https://twitter.com/H3rmi/status/505047264071790592/photo/1
20140911	2428	950	https://twitter.com/H3rmi/status/510137422357995520/photo/1
20140925	2409	944	https://twitter.com/H3rmi/status/515199307776266240/photo/1
20141010	2389	948
20141015	2389		https://verwaltung.piratenpartei-bw.de/issues/130
20141023	2374	942	https://twitter.com/Bundes_GenSek/status/525300116002181120
20141219	2315	925
20141220	1785	924
20150305	1662	413
20150312	1662	416	http://vorstand.piratenpartei.de/2015/03/12/neues-aus-der-mitgliederverwaltung/
20150326	1662	422	http://vorstand.piratenpartei.de/2015/03/26/neues-aus-der-mitgliederverwaltung-2/
20150409	1658	429	http://vorstand.piratenpartei.de/2015/04/09/neues-aus-der-mitgliederverwaltung-3/
20150507	1656	441	http://vorstand.piratenpartei.de/2015/05/07/neues-aus-der-mitgliederverwaltung-4/
20150607	1655	455
#
# https://verwaltung.piratenpartei-bw.de/projects/beschluss-protokolle/issues?set_filter=1
# https://wiki.piratenpartei.de/Kategorie:Protokoll_Vorstandssitzung_Baden-W%C3%BCrttemberg
# https://wiki.piratenpartei.de/Landesverband_Baden-W%C3%BCrttemberg/Vorstand
# https://wiki.piratenpartei.de/wiki//index.php?title=BW:Vorlage:Piraten_in_BW&action=history
20150608	1655	457	15	120	scraped from http://finanzen.piratenpartei.de/statistik.php
20150609	1655	457	15	120	scraped
20150610	1656	458	15	120	scraped
20150611	1657	459	15	120	scraped
20150612	1659	460	15	121	scraped
20150613	1660	463	14	121	scraped
20150614	1660	463	14	121	scraped
20150615	1660	464	14	121	scraped
20150616	1660	464	14	121	scraped
20150617	1660	464	14	121	scraped
20150618	1661	464	14	121	scraped
20150619	1660	464	14	121	scraped
20150620	1659	464	15	121	scraped
20150621	1659	463	16	121	scraped
20150622	1659	463	16	121	scraped
20150623	1658	463	16	121	scraped
20150624	1657	463	17	121	scraped
20150625	1657	463	17	121	scraped
20150626	1657	463	17	121	scraped
20150627	1656	463	17	121	scraped
20150628	1656	463	17	121	scraped
20150629	1656	463	17	121	scraped
20150630	1657	467	16	121	scraped
20150701	1657	468	16	121	scraped
20150702	1659	468	15	121	scraped
20150703	1658	467	15	121	scraped
20150704	1658	470	15	121	scraped
20150705	1657	470	15	121	scraped
20150706	1657	470	15	121	scraped
20150707	1657	471	15	121	scraped
20150708	1657	471	15	121	scraped
20150709	1657	471	15	121	scraped
20150710	1657	471	15	121	scraped
20150711	1657	471	15	121	scraped
20150712	1657	471	15	121	scraped
20150713	1658	473	13	120	scraped
20150714	1658	482	14	120	scraped
20150715	1658	482	14	120	scraped
20150716	1657	481	17	119	scraped
20150717	1657	481	17	119	scraped
20150718	1657	481	17	119	scraped
20150719	1657	481	17	119	scraped
20150720	1659	481	17	119	scraped
20150721	1659	481	17	119	scraped
20150722	1656	480	18	119	scraped
20150723	1653	480	19	119	scraped
20150724	1653	491	19	119	scraped
20150725	1653	491	20	119	scraped
20150726	1653	491	20	119	scraped
20150727	1653	491	20	119	scraped
20150728	1652	491	21	118	scraped
20150729	1652	492	20	118	scraped
20150730	1652	492	22	118	scraped
20150731	1648	490	23	118	scraped
20150801	1648	490	23	118	scraped
20150802	1650	490	22	118	scraped
20150803	1651	492	21	118	scraped
20150804	1651	491	21	118	scraped
20150805	1651	491	21	118	scraped
20150806	1651	491	21	118	scraped
20150807	1651	491	21	118	scraped
20150808	1651	491	21	118	scraped
20150809	1656	496	17	118	scraped
20150810	1656	498	17	118	scraped
20150811	1656	498	17	118	scraped
20150812	1656	498	17	118	scraped
20150813	1656	499	17	118	scraped
20150814	1656	499	17	118	scraped
20150815	1656	499	17	118	scraped
20150816	1656	499	17	118	scraped
20150817	1650	498	17	118	scraped
20150818	1650	498	17	118	scraped
20150819	1636	496	17	117	scraped
20150820	1636	499	17	117	scraped
20150821	1635	499	17	117	scraped
20150822	1635	501	17	117	scraped
20150823	1637	502	17	117	scraped
20150824	1636	514	17	117	scraped
20150825	1635	516	17	117	scraped
20150826	1635	516	17	117	scraped
20150827	1634	552	16	117	scraped
20150828	1633	559	17	117	scraped
20150829	1633	559	17	117	scraped
20150830	1633	559	17	117	scraped
20150831	1633	559	17	117	scraped
20150901	1633	562	17	117	scraped
20150902	1633	563	18	117	scraped
20150903	1633	563	18	117	scraped
20150904	1635	574	16	117	scraped
20150905	1635	575	16	117	scraped
20150906	1635	575	16	117	scraped
20150907	1633	574	16	117	scraped
20150908	1633	575	16	117	scraped
20150909	1633	576	16	117	scraped
20150910	1633	576	16	117	scraped
20150911	1631	578	18	117	scraped
20150912	1631	578	18	117	scraped
20150913	1631	578	18	117	scraped
20150914	1629	588	19	117	scraped
20150915	1628	588	19	117	scraped
20150916	1624	586	20	117	scraped
20150917	1623	585	20	117	scraped
20150918	1623	585	20	117	scraped
20150919	1625	588	18	117	scraped
20150920	1625	589	19	117	scraped
20150921	1625	590	19	117	scraped
20150922	1625	590	19	117	scraped
20150923	1625	590	18	117	scraped
20150924	1625	590	18	117	scraped
20150925	1625	590	18	117	scraped
20150926	1623	592	18	117	scraped
20150927	1624	598	17	117	scraped
20150928	1623	599	17	117	scraped
20150929	1623	599	16	117	scraped
20150930	1624	599	15	117	scraped
20151001	1624	599	15	117	scraped
20151002	1623	599	15	117	scraped
20151003	1623	601	15	117	scraped
20151004	1623	604	15	117	scraped
20151005	1623	604	15	117	scraped
20151006	1622	604	15	117	scraped
20151007	1622	604	15	117	scraped
20151008	1622	604	15	117	scraped
20151009	1621	603	15	117	scraped
20151010	1620	603	14	117	scraped
20151011	1620	603	14	117	scraped
20151012	1621	606	14	117	scraped
20151013	1617	605	17	117	scraped
20151014	1616	605	18	117	scraped
20151015	1616	605	17	117	scraped
20151016	1616	605	17	117	scraped
20151017	1615	604	17	117	scraped
20151018	1608	604	17	117	scraped
20151019	1598	608	16	117	scraped
20151020	1591	608	16	117	scraped
20151021	1588	608	16	117	scraped
20151022	1585	615	16	117	scraped
20151023	1582	652	17	117	scraped
20151024	1583	660	16	117	scraped
20151025	1583	660	16	117	scraped
20151026	1583	661	15	117	scraped
20151027	1579	660	15	117	scraped
20151028	1578	663	15	118	scraped
20151029	1580	680	13	118	scraped
20151030	1578	680	13	118	scraped
20151031	1578	680	13	118	scraped
20151101	1578	681	13	118	scraped
20151102	1578	681	13	118	scraped
20151103	1578	685	13	118	scraped
20151104	1578	685	13	118	scraped
20151105	1578	692	13	118	scraped
20151106	1578	694	13	118	scraped
20151107	1578	694	13	118	scraped
20151108	1571	692	13	116	scraped
20151109	1567	690	15	116	scraped
20151110	1567	690	17	116	scraped
20151111	1567	690	18	116	scraped
20151112	1567	691	18	116	scraped
20151113	1567	691	18	116	scraped
20151114	1567	691	18	116	scraped
20151115	1567	691	18	116	scraped
20151116	1567	691	18	116	scraped
20151117	1567	691	18	116	scraped
20151118	1565	696	16	116	scraped
20151119	1565	699	16	116	scraped
20151120	1565	700	16	116	scraped
20151121	1565	700	16	116	scraped
20151122	1565	700	16	116	scraped
20151123	1565	700	16	116	scraped
20151124	1564	700	16	115	scraped
20151125	1564	701	16	115	scraped
20151126	1564	701	16	115	scraped
20151127	1565	703	15	115	scraped
20151128	1565	703	15	115	scraped
20151129	1565	703	15	115	scraped
20151130	1565	704	15	115	scraped
20151201	1565	704	15	115	scraped
20151202	1565	704	15	115	scraped
20151203	1557	699	15	114	scraped
20151204	1557	699	15	114	scraped
20151205	1557	699	15	114	scraped
20151206	1554	698	16	114	scraped
20151207	1553	698	16	114	scraped
20151208	1553	699	16	114	scraped
20151209	1552	700	16	114	scraped
20151210	1552	700	16	114	scraped
20151211	1552	701	16	114	scraped
20151212	1546	698	16	114	scraped
20151213	1547	700	15	114	scraped
20151214	1544	697	15	114	scraped
20151215	1535	695	15	113	scraped
20151216	1532	695	15	113	scraped
20151217	1527	702	15	112	scraped
20151218	1525	705	14	111	scraped
20151219	1523	712	13	111	scraped
20151220	1520	709	13	110	scraped
20151221	1520	709	13	110	scraped
20151222	1515	708	13	110	scraped
20151223	1514	708	13	110	scraped
20151224	1514	718	13	110	scraped
20151225	1513	718	13	110	scraped
20151226	1513	718	13	110	scraped
20151227	1513	718	13	110	scraped
20151228	1512	721	13	110	scraped
20151229	1512	721	13	110	scraped
20151230	1508	724	13	109	scraped
20151231	1498	718	11	108	scraped
20160101	1495	25	11	108	scraped
20160102	1492	120	11	108	scraped
20160103	1491	120	11	108	scraped
20160104	1490	120	11	108	scraped
20160105	1490	120	11	108	scraped
20160106	1490	154	11	108	scraped
20160107	1490	154	11	108	scraped
20160108	1489	154	11	108	scraped
20160109	1488	168	11	108	scraped
20160110	1488	168	11	108	scraped
20160111	1486	170	11	107	scraped
20160112	1486	171	9	107	scraped
20160113	1486	171	9	107	scraped
20160114	1486	174	9	107	scraped
20160115	1485	176	11	107	scraped
20160116	1485	181	11	107	scraped
20160117	1485	181	11	107	scraped
20160118	1485	182	11	107	scraped
20160119	1485	182	11	107	scraped
20160120	1485	182	11	107	scraped
20160121	1485	182	11	107	scraped
20160122	1485	186	10	107	scraped
20160123	1485	189	10	107	scraped
20160124	1485	189	10	107	scraped
20160125	1485	189	11	107	scraped
20160126	1485	189	11	107	scraped
20160127	1485	190	10	107	scraped
20160128	1484	190	10	107
20160129	1484	192	10	107
20160130	1483	192	10	107
20160131	1483	192	10	107
20160201	1481	193	11	107
20160202	1477	193	11	107
20160203	1463	194	11	107
20160204	1460	212	11	107
20160205	1460	241	11	107
20160206	1460	271	11	107
20160207	1453	291	13	107
20160208	1453	295	13	107
20160209	1453	295	15	107
20160210	1453	303	16	107
20160211	1453	317	16	107
20160212	1453	325	16	107
20160213	1453	346	14	107
20160214	1452	346	11	107
20160215	1452	346	11	107
20160216	1450	354	11	107
20160217	1447	361	11	107
20160218	1447	372	11	107
20160219	1447	379	11	107
20160220	1447	384	11	107
20160221	1446	383	11	107
20160222	1442	384	14	107
20160223	1442	384	14	107
20160224	1442	393	14	107
20160225	1442	394	14	107
20160226	1442	395	14	107
20160227	1440	399	15	107
20160228	1440	399	15	107
20160229	1438	410	13	107
20160301	1438	414	15	107
20160302	1438	414	15	107
20160303	1438	416	15	107
20160304	1438	429	15	107
20160305	1437	428	17	107
20160306	919	428	17	106
20160307	918	428	17	106
20160308	918	428	18	106
20160309	918	428	18	106
20160310	918	438	18	106
20160311	912	440	19	105
20160312	914	468	20	105
20160313	914	468	20	105
20160314	914	468	22	105
20160315	914	469	24	105
20160316	913	483	24	104
20160317	914	484	24	104
20160318	912	484	25	104
20160319	912	516	25	104
20160320	912	516	25	104
20160321	908	516	26	102
20160322	908	519	26	102
20160323	908	519	26	102
20160324	907	519	26	102
20160325	908	526	26	102
20160326	905	523	26	102
20160327	905	524	24	102
20160328	905	525	24	102
20160329	905	525	24	102
20160330	905	525	24	102
20160331	905	525	24	102
20160401	902	525	27	102
20160402	902	525	27	102
20160403	902	525	27	102
20160404	902	534	27	102
20160405	902	534	28	102
20160406	902	534	28	102
20160407	902	534	29	102
20160408	902	534	30	102
20160409	906	546	26	102
20160410	906	546	26	102
20160411	906	546	26	102
20160412	906	549	24	102
20160413	906	549	24	102
20160414	906	549	24	102
20160415	904	550	22	102
20160416	904	550	22	102
20160417	903	550	22	102
20160418	903	551	23	102
20160419	903	560	23	102
20160420	903	560	23	102
20160421	903	579	22	102
20160422	903	579	22	102
20160423	903	580	22	102
20160424	905	580	22	102
20160425	905	580	22	102
20160426	905	580	22	102
20160427	905	580	22	102
20160428	901	578	25	102
20160429	902	581	25	102
20160430	902	581	25	102
20160501	903	582	25	102
20160502	901	582	25	101
20160503	901	586	25	101
20160504	901	586	25	101
20160505	901	587	24	101
20160506	901	587	24	101
20160507	899	592	24	101
20160508	899	592	23	101
20160509	899	592	23	101
20160510	900	592	22	101
20160511	899	592	23	101
20160512	900	592	24	100
20160513	898	592	24	100
20160514	898	592	24	100
20160515	901	595	21	100
20160516	901	597	21	100
20160517	901	597	21	100
20160518	900	581	21	100
20160519	901	582	20	100
20160520	900	581	20	100
20160521	900	582	20	100
20160522	900	582	20	100
20160523	900	588	20	100
20160524	900	593	20	100
20160525	900	593	20	100
20160526	899	592	21	100
20160527	899	599	21	100
20160528	899	599	21	100
20160529	899	599	21	100
20160530	899	599	21	100
20160531	899	599	21	100
20160601	899	599	21	100
20160602	896	599	21	100
20160603	896	603	21	100
20160604	896	603	21	100
20160605	896	612	21	100
20160606	896	612	21	100
20160607	896	612	21	100
20160608	896	613	21	100
20160609	896	612	20	100
20160610	896	615	20	100
20160611	896	615	20	100
20160612	896	615	21	100
20160613	898	615	20	100
20160614	899	616	20	100
20160615	899	617	20	100
20160616	899	617	20	100
20160617	898	617	20	100
20160618	898	617	20	100
20160619	898	617	20	100
20160620	900	624	18	100
20160621	900	624	18	100
20160622	900	624	18	100
20160623	900	625	18	100
20160624	900	625	18	100
20160625	900	625	18	100
20160626	900	625	18	100
20160627	896	625	18	100
20160628	896	625	18	100
20160629	896	625	18	100
20160630	895	626	18	100
20160701	895	626	18	100
20160702	895	626	18	100
20160703	895	636	18	100
20160704	895	636	18	100
20160705	895	642	18	100
20160706	895	644	18	100
20160707	895	644	18	100
20160708	895	644	18	100
20160709	895	644	18	100
20160710	895	645	18	100
20160711	893	645	18	100
20160712	893	645	18	100
20160713	893	645	18	100
20160714	893	647	19	100
20160715	893	648	17	100
20160716	892	647	17	100
20160717	891	647	17	100
20160718	891	647	17	100
20160719	891	648	17	100
20160720	891	650	17	100
20160721	891	650	17	100
20160722	891	650	17	100
20160723	891	650	17	100
20160724	891	650	17	100
20160725	891	650	17	100
20160726	891	650	17	100
20160727	891	654	17	100
20160728	891	654	17	100
20160729	890	654	19	100
20160730	890	654	19	100
20160731	890	655	19	100
20160801	890	655	19	100
20160802	890	655	20	100
20160803	888	653	19	100
20160804	888	653	19	100
20160805	888	653	19	100
20160806	888	653	19	100
20160807	888	653	19	100
20160808	888	653	19	100
20160809	888	653	21	100
20160810	888	653	21	100
20160811	888	653	21	100
20160812	888	653	21	100
20160813	888	653	21	100
20160814	888	653	21	100
20160815	888	653	21	100
20160816	888	653	21	100
20160817	887	653	17	100
20160818	887	653	16	100
20160819	887	654	16	100
20160820	887	654	16	100
20160821	887	654	16	100
20160822	886	655	16	100
20160823	885	655	16	100
20160824	885	658	16	100
20160825	885	663	16	100
20160826	885	663	16	100
20160827	886	664	16	100
20160828	886	664	16	100
20160829	886	664	15	100
20160830	886	664	18	101
20160831	887	664	17	101
20160901	887	664	17	101
20160902	886	664	17	101
20160903	886	664	17	101
20160904	886	664	17	101
20160905	887	667	16	101
20160906	888	668	16	101
20160907	888	668	16	101
20160908	889	668	14	101
20160909	889	668	14	101
20160910	889	668	14	101
20160911	886	667	14	101
20160912	886	667	12	101
20160913	883	664	12	101
20160914	882	663	12	101
20160915	882	665	12	101
20160916	880	664	12	101
20160917	880	664	14	101
20160918	880	664	13	101
20160919	880	664	13	101
20160920	880	664	13	101
20160921	880	664	13	101
20160922	879	663	13	101
20160923	878	665	13	101
20160924	878	665	13	101
20160925	878	665	13	101
20160926	876	666	13	101
20160927	876	666	13	101
20160928	874	664	13	101
20160929	874	664	13	101
20160930	874	664	12	101
20161001	870	662	12	101
20161002	870	662	12	101
20161003	870	662	12	101
20161004	870	663	12	101
20161005	870	663	12	101
20161006	870	663	11	101
20161007	870	664	11	101
20161008	870	664	11	101
20161009	870	664	11	101
20161010	867	663	11	101
20161011	867	668	11	101
20161012	867	668	11	101
20161013	868	668	10	101
20161014	868	668	10	101
20161015	867	668	12	101
20161016	867	668	12	101
20161017	867	669	12	101
20161018	867	669	12	101
20161019	867	669	12	101
20161020	868	670	12	101
20161021	868	672	12	101
20161022	868	672	12	101
20161023	868	672	12	101
20161024	868	672	12	101
20161025	868	672	12	101
20161026	868	672	12	101
20161027	869	672	11	101
20161028	869	672	11	101
20161029	869	672	11	101
20161030	869	672	11	101
20161031	869	672	9	101
20161101	869	673	9	101
20161102	869	673	9	101
20161103	869	673	9	101
20161104	867	672	9	101
20161105	867	672	9	101
20161106	867	672	9	101
20161107	866	675	10	101
20161108	866	675	10	101
20161109	866	675	11	101
20161110	866	675	11	101
20161111	866	676	11	101
20161112	867	676	10	101
20161113	867	677	10	101
20161114	867	677	10	101
20161115	867	677	10	101
20161116	865	676	11	101
20161117	865	676	11	101
20161118	865	676	11	101
20161119	864	675	12	101
20161120	866	675	10	101
20161121	866	677	10	101
20161122	865	676	9	101
20161123	865	676	9	101
20161124	865	676	9	101
20161125	864	675	9	101
20161126	864	675	9	101
20161127	865	675	8	101
20161128	865	675	8	101
20161129	865	675	8	101
20161130	865	676	8	101
20161201	865	676	8	101
20161202	865	676	8	101
20161203	865	676	8	101
20161204	865	676	8	101
20161205	865	676	8	101
20161206	864	676	8	101
20161207	864	676	8	101
20161208	865	677	8	101
20161209	865	677	8	101
20161210	865	677	8	101
20161211	865	677	9	101
20161212	865	679	9	101
20161213	865	679	9	101
20161214	865	679	9	101
20161215	865	679	9	101
20161216	865	679	9	101
20161217	865	679	9	101
20161218	866	680	8	101
20161219	866	680	8	101
20161220	866	680	8	101
20161221	866	682	8	101
20161222	866	682	8	101
20161223	867	682	7	101
20161224	867	682	7	101
20161225	867	684	7	101
20161226	867	684	7	101
20161227	867	684	7	101
20161228	867	684	7	101
20161229	867	684	7	101
20161230	867	684	7	101
20161231	858	675	7	101
20170101	856	11	7	101
20170102	856	22	7	101
20170103	856	22	7	101
20170104	856	22	7	101
20170105	856	22	7	101
20170106	856	22	7	101
20170107	856	22	7	101
20170108	856	22	7	101
20170109	856	22	7	101
20170110	856	22	7	101
20170111	856	22	7	101
20170112	849	190	6	100
20170113	845	185	6	100
20170114	844	184	6	100
20170115	844	184	6	100
20170116	844	199	6	100
20170117	844	199	6	100
20170118	844	200	6	100
20170119	844	200	6	100
20170120	844	203	6	100
20170121	844	204	6	100
20170122	841	202	6	100
20170123	841	201	6	100
20170124	840	201	6	100
20170125	840	201	6	100
20170126	840	201	4	100
20170127	840	203	4	100
20170128	840	206	4	100
20170129	840	207	4	100
20170130	840	207	4	100
20170131	839	206	4	100
20170201	839	206	4	100
20170202	837	206	4	100
20170203	837	210	4	100
20170204	837	211	4	100
20170205	837	211	4	100
20170206	837	212	4	100
20170207	837	212	3	100
20170208	837	218	3	100
20170209	837	218	3	100
20170210	837	218	3	100
20170211	835	220	3	100
20170212	835	225	3	100
20170213	834	230	3	100
20170214	834	230	3	100
20170215	834	230	3	100
20170216	834	231	3	100
20170217	833	230	3	100
20170218	833	230	3	100
20170219	833	230	3	100
20170220	833	230	3	100
20170221	833	230	3	100
20170222	832	234	3	100
20170223	832	234	3	100
20170224	831	235	3	100
20170225	831	235	3	100
20170226	831	235	3	100
20170227	831	235	3	100
20170228	832	238	3	100
20170301	832	238	3	100
20170302	832	241	2	100
20170303	829	242	2	100
20170304	829	242	2	100
20170305	829	242	2	100
20170306	829	242	2	100
20170307	829	242	2	100
20170308	829	242	2	100
20170309	824	340	2	100
20170310	824	340	2	100
20170311	818	340	2	100
20170312	818	340	2	100
20170313	818	340	2	100
20170314	818	340	2	100
20170315	817	357	4	100
20170316	817	357	4	100
20170317	819	379	2	100
20170318	819	379	2	100
20170319	816	378	2	100
20170320	816	378	2	100
20170321	816	381	2	100
20170322	816	381	2	100
20170323	816	391	3	100
20170324	816	391	3	100
20170325	815	395	3	100
20170326	815	395	3	100
20170327	815	395	3	100
20170328	815	395	3	100
20170329	815	395	3	100
20170330	815	399	3	100
20170331	815	399	3	100
20170401	815	399	3	100
20170402	815	399	3	100
20170403	815	399	3	100
20170404	815	399	3	100
20170405	815	399	3	100
20170406	815	399	3	100
20170407	813	410	5	100
20170408	813	410	5	100
20170409	811	412	5	100
20170410	811	412	5	100
20170411	811	427	5	100
20170412	811	427	5	100
20170413	811	427	5	100
20170414	811	427	5	100
20170415	811	427	5	100
20170416	812	428	4	100
20170417	812	428	4	100
20170418	810	450	4	100
20170419	810	450	4	100
20170420	810	450	4	100
20170421	810	450	4	100
20170422	810	450	4	100
20170423	810	450	4	100
20170424	810	450	4	100
20170425	810	450	4	100
20170426	811	464	7	100
20170427	811	464	7	100
20170428	811	464	7	100
20170429	811	464	7	100
20170430	809	472	8	100
20170501	809	472	8	100
20170502	809	472	8	100
20170503	809	472	8	100
20170504	807	479	8	100
20170505	807	479	8	100
20170506	807	479	8	100
20170507	805	478	6	99
20170508	805	478	6	99
20170509	805	485	6	99
20170510	805	485	6	99
20170511	802	483	6	99
20170512	802	483	6	99
20170513	802	483	6	99
20170514	802	483	6	99
20170515	802	483	6	99
20170516	802	483	6	99
20170517	802	483	6	99
20170518	802	483	6	99
20170519	798	497	6	99
20170520	798	497	6	99
20170521	798	497	6	99
20170522	798	497	6	99
20170523	798	497	6	99
20170524	798	497	6	99
20170525	798	497	6	99
20170526	798	497	6	99
20170527	793	497	6	98
20170528	793	497	6	98
20170529	792	496	6	98
20170530	792	496	6	98
20170531	792	497	7	98
20170601	792	497	7	98
20170602	792	497	7	98
20170603	792	497	7	98
20170604	790	498	7	98
20170605	790	498	7	98
20170606	790	498	7	98
20170607	790	498	7	98
20170608	788	501	7	98
20170609	788	501	7	98
20170610	788	502	7	98
20170611	788	502	7	98
20170612	788	502	7	98
20170613	788	502	7	98
20170614	788	503	7	98
20170615	788	503	7	98
20170616	787	502	7	98
20170617	787	502	7	98
20170618	785	501	7	98
20170619	785	501	7	98
20170620	785	501	7	98
20170621	785	501	7	98
20170622	784	501	7	98
20170623	784	501	7	98
20170624	784	501	7	98
20170625	784	501	7	98
20170626	784	501	7	98
20170627	784	501	7	98
20170628	782	502	7	98
20170629	782	502	7	98
20170630	782	502	8	98
20170701	782	502	8	98
20170702	782	502	8	98
20170703	782	502	8	98
20170704	782	502	8	98
20170705	779	503	9	98
20170706	779	503	9	98
20170707	778	502	9	98
20170708	778	502	9	98
20170709	780	505	7	98
20170710	780	505	7	98
20170711	780	505	7	98
20170712	780	505	7	98
20170713	780	505	7	98
20170714	780	505	7	98
20170715	780	505	7	98
20170716	780	505	7	98
20170717	781	508	6	98
20170718	781	508	6	98
20170719	780	507	6	98
20170720	780	507	6	98
20170721	780	507	6	98
20170722	780	507	6	98
20170723	780	507	6	98
20170724	780	507	6	98
20170725	780	507	6	98
20170726	780	507	6	98
20170727	780	507	6	98
20170728	780	507	6	98
20170729	781	508	6	98
20170730	781	508	6	98
20170731	781	508	6	98
20170801	781	508	6	98
20170802	781	508	6	98
20170803	781	508	6	98
20170804	780	507	6	98
20170805	780	507	6	98
20170806	780	507	6	98
20170807	780	507	6	98
20170808	780	508	6	98
20170809	780	508	6	98
20170810	780	508	6	98
20170811	780	508	6	98
20170812	781	508	5	98
20170813	781	508	5	98
20170814	781	508	5	98
20170815	781	508	5	98
20170816	780	508	5	98
20170817	780	508	5	98
20170818	780	508	5	98
20170819	780	508	5	98
20170820	780	508	5	98
20170821	780	508	5	98
20170822	780	508	5	98
20170823	780	509	5	98
20170824	780	509	5	98
20170825	780	509	5	98
20170826	780	509	5	98
20170827	776	506	5	98
20170828	776	506	5	98
20170829	776	506	5	98
20170830	776	506	5	98
20170831	775	505	5	98
20170901	775	505	5	98
20170902	774	504	5	98
20170903	774	504	5	98
20170904	774	505	5	98
20170905	774	505	5	98
20170906	773	505	5	98
20170907	773	505	5	98
20170908	773	505	5	98
20170909	773	505	5	98
20170910	773	505	5	98
20170911	773	505	5	98
20170912	773	505	5	98
20170913	773	505	5	98
20170914	770	502	8	98
20170915	770	502	8	98
20170916	767	501	7	97
20170917	767	501	7	97
20170918	769	502	5	97
20170919	769	502	5	97
20170920	769	502	5	97
20170921	769	502	5	97
20170922	769	502	5	97
20170923	768	501	5	97
20170924	768	501	5	97
20170925	768	501	5	97
20170926	768	501	5	97
20170927	768	501	5	97
20170928	768	501	5	97
20170929	768	501	5	97
20170930	636	500	3	80
20171001	636	500	3	80
20171002	636	500	3	80
20171003	636	500	3	80
20171004	636	500	3	80
20171005	636	500	3	80
20171006	636	500	3	80
20171007	636	500	3	80
20171008	636	500	3	80
20171009	636	500	3	80
20171010	636	500	3	80
20171011	636	500	3	80
20171012	636	500	3	80
20171013	636	500	3	80
20171014	636	500	3	80
20171015	636	500	3	80
20171016	636	500	3	80
20171017	636	500	3	80
20171018	636	500	3	80
20171019	633	511	6	79
20171020	633	511	6	79
20171021	633	512	6	79
20171022	626	507	8	79
20171023	626	507	8	79
20171024	626	507	8	79
20171025	626	509	8	79
20171026	626	509	8	79
20171027	626	509	8	79
20171028	626	509	8	79
20171029	626	509	8	79
20171030	626	509	8	79
20171031	626	510	8	79
20171101	626	510	8	79
20171102	626	510	8	79
20171103	626	510	8	79
20171104	626	510	8	79
20171105	626	510	8	79
20171106	626	510	8	79
20171107	626	510	8	79
20171108	626	512	8	79
20171109	625	512	8	79
20171110	625	512	8	79
20171111	625	512	8	79
20171112	625	512	8	79
20171113	625	512	8	79
20171114	622	510	8	78
20171115	622	510	8	78
20171116	622	510	8	78
20171117	622	510	8	78
20171118	622	510	8	78
20171119	622	510	8	78
20171120	619	510	8	77
20171121	619	510	8	77
20171122	619	510	8	77
20171123	619	510	8	77
20171124	618	511	8	77
20171125	618	511	8	77
20171126	616	511	8	77
20171127	617	513	7	77
20171128	617	513	7	77
20171129	617	513	7	77
20171130	617	513	7	77
20171201	616	512	7	77
20171202	616	512	7	77
20171203	616	512	7	77
20171204	614	512	8	77
20171205	612	510	8	77
20171206	611	509	8	77
20171207	611	509	8	77
20171208	611	509	8	77
20171209	610	507	8	77
20171210	610	507	8	77
20171211	611	511	9	77
20171212	611	511	9	77
20171213	610	510	9	77
20171214	610	510	9	77
20171215	610	510	11	77
20171216	611	510	10	77
20171217	612	511	10	77
20171218	611	510	10	77
20171219	611	510	10	77
20171220	612	510	9	77
20171221	611	509	9	77
20171222	611	510	9	77
20171223	610	509	9	77
20171224	610	509	9	77
20171225	610	509	9	77
20171226	610	509	9	77
20171227	610	509	9	77
20171228	610	509	9	77
20171229	609	508	8	77
20171230	607	506	8	77
20171231	591	490	8	75
20180102	592	15	6	75
20180103	592	15	6	75
20180104	592	127	6	75
20180105	590	125	6	74
20180106	589	149	7	74
20180107	589	149	7	74
20180108	588	149	7	74
20180109	588	149	7	74
20180110	587	149	7	74
20180111	587	149	7	74
20180112	587	153	7	74
20180113	587	153	7	74
20180114	587	166	7	74
20180115	587	167	7	74
20180116	587	166	7	74
20180117	587	170	7	74
20180118	587	170	7	74
20180119	587	170	7	74
20180120	587	170	7	74
20180121	586	176	7	74
20180122	584	178	7	74
20180123	583	178	7	74
20180124	583	178	7	74
20180125	584	185	8	74
20180126	582	185	8	74
20180127	582	185	8	74
20180128	582	185	8	74
20180129	582	227	8	74
20180130	582	227	8	74
20180131	581	228	8	74
20180201	581	228	8	74
20180202	580	228	8	74
20180203	580	228	8	74
20180204	580	228	8	74
20180205	580	229	8	74
20180206	580	241	8	74
20180207	579	241	8	73
20180208	579	241	8	73
20180209	578	241	8	73
20180210	577	249	8	73
20180211	577	249	8	73
20180212	577	257	8	73
20180213	575	258	9	73
20180214	576	260	8	73
20180215	576	271	8	73
20180216	575	270	8	73
20180217	575	274	8	73
20180218	576	278	8	73
20180219	576	278	8	73
20180220	576	286	8	73
20180221	576	286	8	73
20180222	576	286	8	73
20180223	574	286	8	73
20180224	574	288	8	73
20180225	574	288	8	73
20180226	574	288	8	73
20180227	574	288	8	73
20180228	573	288	8	73
20180301	572	303	8	73
20180302	572	311	8	73
20180303	572	311	8	73
20180304	572	311	8	73
20180305	572	323	8	73
20180306	572	323	8	73
20180307	572	323	8	73
20180308	572	323	8	73
20180309	572	323	8	73
20180310	572	323	8	73
20180311	572	337	8	73
20180312	572	339	8	73
20180313	572	339	8	73
20180314	572	339	8	73
20180315	572	339	8	73
20180316	571	339	8	72
20180317	570	339	8	72
20180318	569	339	8	72
20180319	569	339	8	72
20180320	569	345	8	72
20180321	569	345	8	72
20180322	569	345	8	72
20180323	569	345	8	72
20180324	569	345	8	72
20180325	569	345	8	72
20180326	566	345	8	72
20180327	565	345	8	72
20180328	565	346	8	72
20180329	565	346	8	72
20180330	565	346	8	72
20180331	565	346	8	72
20180401	565	346	8	72
20180402	565	346	8	72
20180403	559	363	8	72
20180404	555	361	8	72
20180405	555	361	8	72
20180406	555	361	8	72
20180407	552	361	8	72
20180408	552	361	8	72
20180409	552	363	8	72
20180410	552	366	8	72
20180411	552	366	5	72
20180412	552	370	5	72
20180413	552	370	5	72
20180414	552	372	6	72
20180415	552	372	6	72
20180416	552	372	6	72
20180417	552	372	6	72
20180418	552	372	6	72
20180419	552	375	6	72
20180420	552	375	6	72
20180421	552	375	5	72
20180422	552	375	5	72
20180423	552	376	5	72
20180424	552	376	5	72
20180425	552	376	5	72
20180426	552	376	5	72
20180427	552	376	5	72
20180428	552	377	5	72
20180429	551	377	5	72
20180430	551	377	5	72
20180501	551	377	5	72
20180502	551	377	5	72
20180503	551	377	5	72
20180504	550	379	5	72
20180505	552	380	5	73
20180506	552	380	5	73
20180507	552	380	5	73
20180508	551	380	5	73
20180509	551	380	5	73
20180510	551	380	5	73
20180511	551	393	5	73
20180512	551	394	5	73
20180513	551	394	5	73
20180514	551	395	5	73
20180515	551	395	5	73
20180516	551	397	5	73
20180517	551	397	5	73
20180518	551	397	5	73
20180519	551	397	5	73
20180520	551	397	5	73
20180521	551	397	5	73
20180522	551	397	5	73
20180523	551	398	5	73
20180524	551	398	5	73
20180525	551	399	5	73
20180526	551	399	5	73
20180527	552	400	5	73
20180528	552	400	5	73
20180529	552	400	5	73
20180530	552	400	4	73
20180531	552	400	4	73
20180601	552	400	4	73
20180602	552	403	4	73
20180603	552	404	4	73
20180604	552	404	4	73
20180605	551	404	5	72
20180606	551	408	5	72
20180607	551	408	5	72
20180608	551	410	5	72
20180609	551	410	5	72
20180610	552	410	5	72
20180611	552	410	5	72
20180612	552	410	6	72
20180613	552	410	6	72
20180614	552	410	6	72
20180615	552	410	6	72
20180616	552	410	6	72
20180617	552	410	6	72
20180618	549	408	6	72
20180619	549	408	6	72
20180620	549	411	6	72
20180621	549	411	6	72
20180622	549	411	6	72
20180623	549	411	6	72
20180624	549	415	6	72
20180625	549	415	6	72
20180626	549	415	6	72
20180627	549	415	6	72
20180628	549	415	6	72
20180629	549	415	6	72
20180630	549	415	6	72
20180701	549	415	6	72
20180702	549	415	6	72
20180703	549	418	7	72
20180704	549	418	7	72
20180705	549	418	7	72
20180706	549	418	6	72
20180707	549	418	6	72
20180708	549	418	6	72
20180709	549	418	6	72
20180710	549	418	6	72
20180711	549	418	6	72
20180712	549	418	6	72
20180713	549	418	6	72
20180714	549	418	6	72
20180715	549	418	6	72
20180716	549	418	6	72
20180717	548	419	6	71
20180718	548	419	6	71
20180719	548	419	6	71
20180720	548	419	6	71
20180721	549	419	5	71
20180722	549	419	5	71
20180723	549	420	5	71
20180724	549	425	5	71
20180725	549	425	5	71
20180726	549	425	4	71
20180727	549	425	4	71
20180728	549	425	4	71
20180729	549	425	5	71
20180730	549	425	5	71
20180731	549	425	5	71
20180801	549	425	5	71
20180802	549	425	5	71
20180803	549	425	5	71
20180804	549	425	5	71
20180805	549	425	5	71
20180806	549	425	5	71
20180807	550	426	4	71
20180808	550	427	4	71
20180809	550	427	4	71
20180810	549	426	4	71
20180811	549	426	4	71
20180812	549	426	4	71
20180813	549	426	4	71
20180814	549	426	4	71
20180815	549	428	4	71
20180816	549	428	4	71
20180817	549	428	4	71
20180818	549	428	4	71
20180819	549	428	5	71
20180820	549	428	5	71
20180821	549	428	5	71
20180822	549	428	5	71
20180823	549	428	5	71
20180824	548	429	5	71
20180825	548	429	5	71
20180826	548	429	6	71
20180827	548	429	6	71
20180828	548	429	6	71
20180829	548	429	6	71
20180830	548	429	6	71
20180831	548	429	6	71
20180901	548	429	6	71
20180902	549	432	5	71
20180903	550	433	5	71
20180904	550	433	5	71
20180905	550	433	5	71
20180906	550	433	5	71
20180907	550	433	5	71
20180908	550	433	5	71
20180909	550	434	5	71
20180910	550	434	5	71
20180911	550	434	5	71
20180912	550	434	5	71
20180913	550	434	5	71
20180914	550	434	5	71
20180915	549	433	5	70
20180916	549	433	5	70
20180917	549	433	5	70
20180918	549	433	5	70
20180919	549	433	5	70
20180920	549	433	5	70
20180921	549	433	5	70
20180922	549	433	5	70
20180923	549	433	5	70
20180924	549	433	5	70
20180925	549	433	5	70
20180926	544	430	5	70
20180927	544	430	5	70
20180928	544	431	5	70
20180929	544	431	5	70
20180930	544	432	5	70
20181001	544	432	5	70
20181002	544	432	5	70
20181003	544	432	5	70
20181004	544	432	5	70
20181005	544	432	5	70
20181006	544	432	5	70
20181007	544	432	5	70
20181008	544	432	5	70
20181009	544	432	5	70
20181010	542	430	5	70
20181011	542	430	5	70
20181012	542	430	4	70
20181013	542	430	4	70
20181014	541	429	4	70
20181015	541	429	4	70
20181016	541	429	4	70
20181017	541	429	4	70
20181018	541	429	4	70
20181019	541	429	4	70
20181020	540	428	4	70
20181021	539	427	4	70
20181022	539	428	4	70
20181023	538	427	5	70
20181024	538	427	5	70
20181025	538	427	5	70
20181026	538	427	5	70
20181027	538	427	5	70
20181028	538	427	5	70
20181029	538	427	5	70
20181030	538	428	5	70
20181031	538	428	5	70
20181101	538	428	5	70
20181102	538	428	5	70
20181103	538	428	5	70
20181104	538	430	5	70
20181105	538	430	5	70
20181106	538	430	5	70
20181107	538	430	5	70
20181108	537	430	4	70
20181109	537	430	4	70
20181110	537	430	4	70
20181111	537	431	4	70
20181112	537	431	4	70
20181113	535	429	5	70
20181114	535	429	5	70
20181115	535	429	5	70
20181116	535	430	5	70
20181117	535	430	5	70
20181118	533	428	5	70
20181119	532	427	5	70
20181120	532	427	5	70
20181121	532	427	5	70
20181122	532	427	5	70
20181123	532	428	5	70
20181124	532	428	5	70
20181125	530	426	5	70
20181126	530	426	5	70
20181127	530	426	5	70
20181128	530	426	5	70
20181129	530	426	5	70
20181130	530	426	5	70
20181201	530	426	5	70
20181202	530	426	5	70
20181203	530	426	4	70
20181204	530	426	4	70
20181205	530	426	4	70
20181206	530	426	4	70
20181207	530	426	4	70
20181208	530	426	4	70
20181209	530	426	4	70
20181210	530	426	4	69
20181211	529	426	4	68
20181212	529	426	5	68
20181213	529	426	5	68
20181214	529	428	5	68
20181215	529	428	5	68
20181216	528	427	5	68
20181217	528	427	5	68
20181218	528	428	5	68
20181219	528	428	5	68
20181220	528	428	5	68
20181221	528	428	5	68
20181222	528	427	4	68
20181223	528	428	4	68
20181224	528	428	4	68
20181225	527	427	4	68
20181226	527	427	4	68
20181227	527	427	4	68
20181228	527	427	4	68
20181229	526	426	4	68
20181230	526	426	4	68
20181231	520	420	4	68
20190101	520	46	4	68
20190102	520	47	4	68
20190103	520	47	4	68
20190104	520	74	4	68
20190105	520	74	4	68
20190106	520	81	4	68
20190107	520	208	4	68
20190108	520	208	4	68
20190109	520	208	4	68
20190110	520	208	4	68
20190111	520	219	4	68
20190112	520	219	4	68
20190113	520	219	4	68
20190114	519	222	4	68
20190115	519	222	4	68
20190116	519	222	4	68
20190117	519	222	4	68
20190118	519	222	4	68
20190119	519	222	4	68
20190120	519	223	4	68
20190121	519	223	4	68
20190122	519	228	4	68
20190123	519	228	4	68
20190124	519	228	4	68
20190125	519	228	5	68
20190126	519	228	5	68
20190127	519	228	7	68
20190128	519	228	8	68
20190129	519	228	8	68
20190130	519	228	8	68
20190131	519	228	8	68
20190201	519	228	8	68
20190202	520	231	7	68
20190203	520	237	7	68
20190204	520	237	7	68
20190205	520	237	7	68
20190206	520	237	7	68
20190207	520	237	6	68
20190208	520	237	6	68
20190209	521	237	5	68
20190210	521	237	5	68
20190211	520	237	5	67
20190212	520	237	5	67
20190213	520	237	5	67
20190214	520	237	5	67
20190215	520	237	5	67
20190216	517	241	7	66
20190217	517	241	6	66
20190218	517	246	6	66
20190219	516	246	8	65
20190220	516	247	8	65
20190221	516	247	8	65
20190222	516	247	8	65
20190223	518	247	6	65
20190224	517	247	7	65
20190225	517	252	7	65
20190226	517	256	7	65
20190227	516	256	9	65
20190228	516	267	9	65
20190301	516	268	9	65
20190302	518	269	6	65
20190303	518	285	6	65
20190304	518	285	6	65
20190305	518	285	6	65
20190306	518	285	6	65
20190307	518	285	15	65
20190308	518	285	16	65
20190309	521	285	18	65
20190310	521	285	18	65
20190311	521	295	18	65
20190312	521	295	20	65
20190313	521	295	20	65
20190314	522	302	19	65
20190315	526	309	15	65
20190316	526	309	15	65
20190317	526	311	15	65
20190318	526	311	17	65
20190319	526	313	17	65
20190320	526	316	17	65
20190321	526	317	17	65
20190322	526	318	17	65
20190323	529	319	23	65
20190324	529	319	23	65
20190325	529	319	23	65
20190326	529	319	29	65
20190327	529	325	29	65
20190328	529	327	30	65
20190329	529	327	30	65
20190330	536	327	23	65
20190331	536	327	23	65
20190401	537	349	24	65
20190402	538	349	30	65
20190403	537	349	32	65
20190404	537	349	32	65
20190405	541	349	51	65
20190406	546	353	47	65
20190407	546	369	47	65
20190408	547	369	47	65
20190409	546	369	47	64
20190410	546	369	47	64
20190411	546	369	47	64
20190412	546	370	47	64
20190413	554	372	39	64
20190414	553	383	43	64
20190415	553	383	43	64
20190416	553	385	43	64
20190417	553	385	43	64
20190418	553	387	43	64
20190419	554	387	42	64
20190420	554	387	46	64
20190421	554	389	46	64
20190422	554	389	46	64
20190423	554	389	46	64
20190424	554	389	46	64
20190425	554	389	47	64
20190426	554	389	47	64
20190427	561	389	40	64
20190428	561	400	40	64
20190429	561	400	40	64
20190430	561	400	40	64
20190501	561	400	40	64
20190502	560	400	50	63
20190503	560	401	50	63
20190503	560	401	50	63
20190504	563	400	46	62
20190505	564	406	45	62
20190506	564	407	45	62
20190507	564	407	45	62
20190508	564	407	45	62
20190509	564	407	45	62
20190510	564	407	45	62
20190511	566	407	43	62
20190512	566	413	42	62
20190513	566	413	42	62
20190514	566	414	42	62
20190515	566	414	42	62
20190516	566	414	42	62
20190517	566	414	42	62
20190518	567	414	41	62
20190519	567	415	41	62
20190520	567	415	41	62
20190521	567	415	41	62
20190522	567	416	41	62
20190523	566	415	41	62
20190524	566	415	41	62
20190525	566	415	42	62
20190526	566	420	42	62
20190527	566	420	42	62
20190528	566	420	42	62
20190529	566	420	42	62
20190530	566	420	42	62
20190531	566	420	42	62
20190601	568	420	40	62
20190602	568	424	40	62
20190603	568	424	43	62
20190604	568	424	43	62
20190605	568	424	44	62
20190606	568	424	44	62
20190607	569	425	44	62
20190608	577	425	36	62
20190609	516	435	36	59
20190610	517	436	36	59
20190611	517	436	36	59
20190612	517	436	36	59
20190613	517	436	36	59
20190614	517	436	36	59
20190615	518	437	35	59
20190616	518	437	35	59
20190617	518	437	38	59
20190618	518	437	38	59
20190619	518	438	38	59
20190620	518	438	38	59
20190621	518	438	38	59
20190622	519	438	37	59
20190623	519	439	37	59
20190624	519	439	37	59
20190625	519	439	37	59
20190626	519	439	37	59
20190627	519	439	37	59
20190628	519	439	37	59
20190629	520	440	36	59
20190630	519	440	36	59
20190701	519	440	36	59
20190702	519	442	36	59
20190703	519	442	36	59
20190704	519	442	36	59
20190705	519	442	36	59
20190706	519	444	36	59
20190707	519	444	36	59
20190708	517	442	38	59
20190709	517	442	39	59
20190710	517	442	39	59
20190711	517	442	39	59
20190712	517	442	39	59
20190713	518	442	38	59
20190714	518	444	38	59
20190715	518	444	38	59
20190716	518	444	39	59
20190717	518	444	39	59
20190718	518	444	39	59
20190719	518	444	39	59
20190720	520	444	37	59
20190721	520	448	37	59
20190722	520	448	37	59
20190723	520	448	37	59
20190724	520	448	37	59
20190725	520	448	37	59
20190726	520	448	37	59
20190727	521	448	34	59
20190728	521	449	34	59
20190729	521	449	34	59
20190730	522	450	34	59
20190731	522	450	34	59
20190801	522	451	34	59
20190802	522	451	34	59
20190803	523	451	33	59
20190804	523	452	33	59
20190805	523	452	33	59
20190806	523	452	33	59
20190807	523	452	33	59
20190808	523	452	33	59
20190809	521	451	34	58
20190810	521	451	34	58
20190811	520	451	34	58
20190812	520	452	34	58
20190813	520	452	34	58
20190814	520	452	34	58
20190815	520	452	34	58
20190816	520	452	34	58
20190817	521	452	33	58
20190818	521	454	33	58
20190819	521	454	33	58
20190820	521	454	33	58
20190821	521	454	33	58
20190822	521	454	33	58
20190823	521	454	33	58
20190824	522	454	32	58
20190825	522	454	32	58
20190826	522	457	31	58
20190827	522	457	31	58
20190828	522	457	31	58
20190829	522	457	31	58
20190830	522	457	31	58
20190831	523	458	31	59
20190901	523	458	31	59
20190902	523	458	31	59
20190903	523	458	31	59
20190904	523	458	28	59
20190905	523	458	28	59
20190906	523	458	25	59
20190907	522	457	25	59
20190908	522	457	25	59
20190909	522	457	25	59
20190910	522	457	24	59
20190911	522	457	24	59
20190912	522	457	24	59
20190913	522	457	24	59
20190914	522	457	24	59
20190915	522	458	24	59
20190916	521	458	24	59
20190917	521	458	24	59
20190918	521	458	24	59
20190919	521	458	25	59
20190920	521	458	21	59
20190921	522	458	20	59
20190922	522	459	20	59
20190923	522	459	20	59
20190924	522	459	18	59
20190925	522	459	18	59
20190926	522	459	18	59
20190927	522	459	18	59
20190928	523	459	17	59
20190929	524	461	17	59
20190930	524	461	17	59
20191001	524	461	17	59
20191002	524	461	16	59
20191003	524	461	16	59
20191004	524	461	16	59
20191005	524	461	16	59
20191006	524	461	7	59
20191007	524	461	7	59
20191008	524	463	7	59
20191009	524	464	7	59
20191010	524	464	7	59
20191011	524	464	7	59
20191012	524	464	6	59
20191013	524	465	6	59
20191014	523	464	6	59
20191015	523	464	6	59
20191016	523	464	6	59
20191017	523	464	6	59
20191018	523	464	6	59
20191019	523	464	6	59
20191020	523	464	6	59
20191021	523	464	6	59
20191022	523	464	6	59
20191023	523	464	6	59
20191024	523	464	6	59
20191025	523	464	6	59
20191026	523	464	6	59
20191027	523	464	6	59
20191028	523	464	6	59
20191029	523	464	6	59
20191030	523	464	5	59
20191031	523	464	5	59
20191101	523	464	5	59
20191102	524	464	4	59
20191103	523	465	4	59
20191104	523	465	4	59
20191105	523	465	4	59
20191106	523	465	4	59
20191107	523	465	4	59
20191108	523	466	4	59
20191109	523	466	5	59
20191110	523	466	5	59
20191111	524	466	4	59
20191112	524	467	4	59
20191113	524	467	4	59
20191114	524	467	4	59
20191115	524	467	4	59
20191116	524	467	4	59
20191117	524	467	4	59
20191119	524	467	4	59
20191120	524	467	4	59
20191121	524	467	4	59
20191122	524	467	4	59
20191123	524	467	4	59
20191124	524	468	4	59
20191125	524	468	4	59
20191126	524	468	4	59
20191127	524	468	4	59
20191128	524	468	4	59
20191129	524	468	4	59
20191130	524	468	4	59
20191201	524	468	4	59
20191202	519	463	8	59
20191203	519	463	8	59
20191204	519	463	7	59
20191205	520	464	7	59
20191206	520	464	7	59
20191207	521	464	6	59
20191208	521	465	6	59
20191209	521	465	6	59
20191210	521	465	6	59
20191211	521	465	6	59
20191212	521	465	6	59
20191213	521	465	7	59
20191214	522	465	6	59
20191215	522	465	6	59
20191216	522	465	6	59
20191217	522	465	6	59
20191218	522	465	6	59
20191219	522	465	6	59
20191220	522	465	6	59
20191221	522	465	6	59
20191222	522	465	6	59
20191223	522	465	6	59
20191224	522	465	6	59
20191225	521	464	6	59
20191226	521	464	6	59
20191227	521	464	6	59
20191228	522	464	5	59
20191229	522	465	5	59
20191230	522	465	5	59
20191231	514	457	5	59
20200101	514	19	5	59
20200102	514	22	5	59
20200103	514	22	5	59
20200104	514	22	5	59
20200105	514	42	5	59
20200106	514	167	4	59
20200107	514	167	4	59
20200108	514	167	4	59
20200109	514	167	4	59
20200110	514	167	4	59
20200111	514	167	4	59
20200112	514	169	4	59
20200113	514	174	4	59
20200114	514	174	4	59
20200115	514	174	4	59
20200116	514	174	4	59
20200117	514	174	4	59
20200118	514	174	4	59
20200119	514	177	4	59
20200120	514	178	4	59
20200121	514	178	4	59
20200122	514	178	4	59
20200123	511	177	4	59
20200124	511	177	4	59
20200125	511	177	4	59
20200126	511	178	4	59
20200127	511	178	4	59
20200128	511	178	4	59
20200129	511	178	4	59
20200130	511	178	4	59
20200131	511	178	4	59
20200201	511	178	4	59
20200202	511	183	4	59
20200203	511	183	4	59
20200204	511	183	4	59
20200205	511	183	4	59
20200206	511	183	4	59
20200207	511	183	4	59
20200208	511	183	4	59
20200209	511	186	4	59
20200210	511	186	4	59
20200211	511	186	4	59
20200212	511	186	4	59
20200213	511	186	4	59
20200214	511	186	4	59
20200215	511	186	4	59
20200216	511	188	4	59
20200217	511	190	4	59
20200218	511	190	4	59
20200219	511	191	4	59
20200220	511	203	4	59
20200221	511	203	4	59
20200222	511	203	4	59
20200223	511	247	4	59
20200224	511	253	4	59
20200225	511	253	4	59
20200226	508	253	5	59
20200227	508	253	5	59
20200228	508	253	5	59
20200229	508	253	5	59
20200301	508	265	5	59
20200302	508	268	5	59
20200303	508	268	5	59
20200304	508	268	5	59
20200305	508	268	5	59
20200306	508	268	5	59
20200307	508	268	5	59
20200308	508	279	5	59
20200309	508	281	5	59
20200310	508	281	5	59
20200311	506	280	6	59
20200312	506	280	6	59
20200313	506	280	6	59
20200314	507	280	5	59
20200315	507	291	4	59
20200316	506	291	5	59
20200317	506	291	5	59
20200318	506	291	6	59
20200319	506	291	6	59
20200320	506	291	6	59
20200321	507	291	5	59
20200322	507	297	5	59
20200323	507	297	5	59
20200324	507	297	5	59
20200325	507	297	5	59
20200326	507	297	5	59
20200327	507	297	5	59
20200328	506	296	7	59
20200329	505	298	7	59
20200330	505	298	7	59
20200331	505	298	7	59
20200401	505	298	7	59
20200402	505	298	7	59
20200403	505	298	7	59
20200404	507	298	5	59
20200405	507	318	5	59
20200406	507	323	5	59
20200407	507	325	5	59
20200408	507	325	5	59
20200409	507	325	5	59
20200410	507	327	5	59
20200411	507	327	5	59
20200412	507	338	5	59
20200413	507	338	5	59
20200414	507	338	5	59
20200415	507	338	5	59
20200416	507	338	5	59
20200417	507	338	5	59
20200418	507	338	6	59
20200419	507	347	6	59
20200420	507	348	6	59
20200421	507	348	6	59
20200422	507	348	6	59
20200423	507	348	6	59
20200424	507	348	6	59
20200425	507	348	6	59
20200426	507	353	6	59
20200427	507	353	6	59
20200428	506	353	6	59
20200429	506	353	6	59
20200430	506	353	6	59
20200501	506	353	6	59
20200502	506	354	6	59
20200503	506	354	6	59
20200504	506	355	6	59
20200505	506	355	6	59
20200506	506	355	6	59
20200507	505	354	6	59
20200508	505	354	6	59
20200509	506	354	5	59
20200615	504	377	3	59
20200616	502	375	3	59
20200617	502	375	3	59
20200618	502	375	3	59
20200619	502	375	3	59
20200620	502	375	3	59
20200621	502	383	3	59
20200622	502	383	3	59
20200623	502	383	3	59
20200624	502	383	2	59
20200625	502	383	2	59
20200626	502	383	2	59
20200627	502	383	2	59
20200628	502	384	2	59
20200629	501	385	2	59
20200630	501	385	2	59
20200701	501	385	2	59
20200702	501	385	2	59
20200703	501	385	2	59
20200704	501	385	2	59
20200705	501	389	2	59
20200706	501	389	2	59
20200707	501	389	2	59
20200708	500	389	2	59
20200709	499	389	2	59
20200710	499	389	2	59
20200711	499	389	2	59
20200712	499	393	2	59
20200713	499	394	2	59
20200714	499	394	2	59
20200715	499	394	2	59
20200716	499	394	2	59
20200717	499	394	2	59
20200718	499	394	2	59
20200719	499	395	3	59
20200720	499	395	3	59
20200721	499	395	3	59
20200722	499	395	3	59
