# ISO-Datum	Mitgl	stimmb	Quelle
20070106	24		https://wiki.piratenpartei.de/BY:Protokoll_der_Gr%C3%BCndung_des_LV_Bayern
20080122	148
20080405	160
20081206	186
20090428	233
20090509	262
20090611	393
20090618	455
20090622	583
20090623	640
20090624	669
20090625	707
20090627	751
20090711	1010
20090727	1117
20090729	1167
20090803	1221
20090807	1274
20090810	1307
20090813	1352
20090817	1412
20090819	1447
20090825	1508
20090831	1646
20090902	1711
20090917	1977
20090919	2002
20090927	2200
20091002	2363
20091013	2455
20091105	2495
20091116	2509
20091122	2509
20100114	2573
20100303	2622
20100415	2650
20100923	2727
20101028	2637
20101231	2661		https://wiki.piratenpartei.de/BY:Vorstandssitzung/2011-01-12#Kurz-Bericht_Generalsekret.C3.A4r
20110126	2649		https://wiki.piratenpartei.de/BY:Vorstandssitzung/2011-01-26#Kurz-Bericht_Generalsekret.C3.A4r
20110208	2640		https://wiki.piratenpartei.de/BY:Vorstandssitzung/2011-02-08#Kurz-Bericht_Generalsekret.C3.A4r
20110406	2684		https://wiki.piratenpartei.de/2011-04-06_-_Protokoll_Vorstandssitzung_Bayern#Kurz-Bericht_Generalsekret.C3.A4r
20110420	2681
20110518	2600	1047	https://wiki.piratenpartei.de/2011-05-18_-_Protokoll_Vorstandssitzung_Bayern#Kurz-Bericht_Generalsekret.C3.A4r
20110527	2662
20110601	2654	1172	https://wiki.piratenpartei.de/2011-06-01_-_Protokoll_Vorstandssitzung_Bayern#Kurz-Bericht_Verwaltung
20110629	2654		https://wiki.piratenpartei.de/BY:Vorstandssitzung/2011-06-29#Kurz-Bericht_Schatzmeister
20110707	2659		http://vorstand.piratenpartei.de/2011/07/11/protokoll-zur-vorstandssitzung-2011-07-07/#Aktuelle_Kennzahlen
20110713	2652	1171	https://wiki.piratenpartei.de/BY:Vorstandssitzung/2011-07-13#Kurz-Bericht_Verwaltung
20110810	2845	1184	https://wiki.piratenpartei.de/BY:Vorstandssitzung/2011-08-10#Kurz-Bericht_Generalsekret.C3.A4r
#20110915	2665		http://vorstand.piratenpartei.de/2011/09/27/protokoll-zur-vorstandssitzung-2011-15-09/#Aktuelle_Kennzahlen
20110922	2947
20110925	3009
20110928	3090		https://wiki.piratenpartei.de/BY:Vorstandssitzung/2011-09-28#Kurz-Bericht_Generalsekret.C3.A4r
20110929	3095		http://vorstand.piratenpartei.de/2011/10/03/protokoll-zur-vorstandssitzung-2011-09-29/#Aktuelle_Kennzahlen
20111005	3308		https://wiki.piratenpartei.de/BY:Vorstandssitzung/2011-10-05#Mitgliederzahlen
20111007	3365
#20111013	3366		http://vorstand.piratenpartei.de/2011/10/27/protokoll-zur-vorstandssitzung-2011-10-13/
20111013	3537
20111023	3801
20111028	3801	1853	https://wiki.piratenpartei.de/BY:Vorstandssitzung/2011-10-28#Kurz-Bericht_Generalsekret.C3.A4r
20111101	3875
20111102	3875	1915	https://wiki.piratenpartei.de/BY:Vorstandssitzung/2011-11-02#Kurz-Bericht_Generalsekret.C3.A4r
20111111	4002
20111116	4002		https://wiki.piratenpartei.de/BY:Vorstandssitzung/2011-11-16#Kurz-Bericht_Generalsekret.C3.A4r
20111119	4051
20111130	4024
20111204	4029		http://piratenpartei.wortgewalt.de/docs/bpt112/
20111214	4283		https://wiki.piratenpartei.de/BY:Vorstandssitzung/2011-12-14#Kurz-Bericht_Generalsekret.C3.A4r
20120111	4350		https://wiki.piratenpartei.de/BY:Vorstandssitzung/2012-01-11#Kurz-Bericht_Generalsekret.C3.A4r
20120113	4514
20120220	4599
20120221	4607	1600	https://wiki.piratenpartei.de/BY:Vorstandssitzung/2012-02-21#Kurz-Bericht_Generalsekret.C3.A4r
20120307	4755		https://wiki.piratenpartei.de/BY:Vorstandssitzung/2012-03-07#Kurz-Bericht_Generalsekret.C3.A4r.2FMitgliederverwaltung
20120401	5248
20120404	5299	1803	https://wiki.piratenpartei.de/BY:Vorstandssitzung/2012-04-04#Kurz-Bericht_Generalsekret.C3.A4r
20120412	5658
20120418	5655	2167	https://wiki.piratenpartei.de/BY:Vorstandssitzung/2012-04-18#Kurz-Bericht_Generalsekret.C3.A4r
20120420	5883
20120426	5999		https://wiki.piratenpartei.de/Bundesparteitag_2012.1#Akkreditierungsstatistik
20120427	6124
20120502	6303	2435	https://wiki.piratenpartei.de/BY:Vorstandssitzung/2012-05-02#Kurz-Bericht_Generalsekret.C3.A4r
20120503	6346
20120510	6524
20120516	6681		https://wiki.piratenpartei.de/BY:Vorstandssitzung/2012-05-16#Kurz-Bericht_Generalsekret.C3.A4r
20120530	6813	2828	https://wiki.piratenpartei.de/BY:Vorstandssitzung/2012-05-30#Kurz-Bericht_Generalsekret.C3.A4r
20120612	6893	2931	https://wiki.piratenpartei.de/BY:Vorstandssitzung/2012-06-12#Kurz-Bericht_Generalsekret.C3.A4r
20120711	6951	3191	https://wiki.piratenpartei.de/BY:Vorstandssitzung/2012-07-11#Kurz-Bericht_Generalsekret.C3.A4r
20120725	7018
20120726	7018	3272	https://wiki.piratenpartei.de/BY:Vorstandssitzung/2012-07-26#Kurz-Bericht_Generalsekret.C3.A4r
20120822	6915	3486	https://wiki.piratenpartei.de/BY:Vorstandssitzung/2012-08-22#Kurz-Bericht_Generalsekret.C3.A4r
20120905	6944	3516	https://wiki.piratenpartei.de/BY:Vorstandssitzung/2012-09-05#Kurz-Bericht_Generalsekret.C3.A4r
20120926	6976	3608	https://wiki.piratenpartei.de/BY:Vorstandssitzung/2012-09-26#Kurz-Bericht_Generalsekret.C3.A4r
20121010	6987	3607	https://wiki.piratenpartei.de/BY:Vorstandssitzung/2012-10-10#Kurz-Bericht_Generalsekret.C3.A4r
20121024	7021	3669	https://wiki.piratenpartei.de/BY:Vorstandssitzung/2012-10-24#Kurz-Bericht_Generalsekret.C3.A4r
20121027	6833	79	http://www.machmaldieaugenauf.de/2012/10/27/vorbereitung-der-bpt-akkreditierung/
20121105	6906	113	http://www.machmaldieaugenauf.de/2012/10/27/vorbereitung-der-bpt-akkreditierung/
20121107	7042	3668	https://wiki.piratenpartei.de/BY:Vorstandssitzung/2012-11-07#Kurz-Bericht_Generalsekret.C3.A4r
20121108	7047	3668
20121111	7025	1166	http://www.machmaldieaugenauf.de/2012/10/27/vorbereitung-der-bpt-akkreditierung/
20121118	7025	1181	http://www.machmaldieaugenauf.de/2012/10/27/vorbereitung-der-bpt-akkreditierung/
20121125	7024	3677	http://www.machmaldieaugenauf.de/2012/11/22/infos-zur-akkreditierung-beim-piraten-bundesparteitag-2012-2-bpt122/
20121128	6956	3732	https://wiki.piratenpartei.de/BY:Vorstandssitzung/2012-11-28#Kurz-Bericht_Generalsekret.C3.A4r
20121128	7024	3677	http://www.machmaldieaugenauf.de/2012/11/28/abschliesende-statistiken-bpt122/
20121201	6956	3732
20121212	6930	3668	https://wiki.piratenpartei.de/BY:Vorstandssitzung/2012-12-12#Kurz-Bericht_Generalsekret.C3.A4r
20130109	6852	154	https://wiki.piratenpartei.de/BY:Vorstandssitzung/2013-01-09#Kurz-Bericht_Generalsekret.C3.A4r
20130204	6835	470
20130206	6845	469	https://wiki.piratenpartei.de/BY:Vorstandssitzung/2013-02-06#Kurz-Bericht_Generalsekret.C3.A4r
20130220	6852	522	https://wiki.piratenpartei.de/BY:Vorstandssitzung/2013-02-20#Kurz-Bericht_Generalsekret.C3.A4r
20130306	6801	558	https://wiki.piratenpartei.de/BY:Vorstandssitzung/2013-03-06#Kurz-Bericht_Generalsekret.C3.A4r
20130320	6602	705	https://wiki.piratenpartei.de/BY:Vorstandssitzung/2013-03-20#Kurz-Bericht_Generalsekret.C3.A4r
20130404	6560	915	https://wiki.piratenpartei.de/BY:Vorstandssitzung/2013-04-04#Kurz-Bericht_Generalsekret.C3.A4r
20130418	6527	970	https://wiki.piratenpartei.de/BY:Vorstandssitzung/2013-04-18#Kurz-Bericht_Generalsekret.C3.A4r
20130422	6526	52	http://www.machmaldieaugenauf.de/2013/04/22/vorbereitung-der-akkreditierung-zum-bpt-in-neumarkt/
20130428	6535	64	http://www.machmaldieaugenauf.de/2013/04/22/vorbereitung-der-akkreditierung-zum-bpt-in-neumarkt/
20130502	6519	1028	https://wiki.piratenpartei.de/BY:Vorstandssitzung/2013-05-02#Kurz-Bericht_Generalsekret.C3.A4r
20130505	6538	167	http://www.machmaldieaugenauf.de/2013/04/22/vorbereitung-der-akkreditierung-zum-bpt-in-neumarkt/
20130512	6540	1124	http://www.machmaldieaugenauf.de/2013/05/08/infos-zur-akkreditierung-beim-piraten-bundesparteitag-2013-2-bpt131/
20130513	6540	1124	http://www.machmaldieaugenauf.de/2013/05/13/abschliesende-statistiken-bpt131/
20130516	6489	1098	https://wiki.piratenpartei.de/BY:Vorstandssitzung/2013-05-16#Kurz-Bericht_Generalsekret.C3.A4r
20130524	6491	1242
20130530	6472	1242	https://wiki.piratenpartei.de/BY:Vorstandssitzung/2013-05-30#Kurz-Bericht_Generalsekret.C3.A4r
20130613	6458	1297	https://wiki.piratenpartei.de/BY:Vorstandssitzung/2013-06-13#Kurz-Bericht_Generalsekret.C3.A4r
20130627	6446	1343	https://wiki.piratenpartei.de/BY:Vorstandssitzung/2013-06-27#Kurz-Bericht_Generalsekret.C3.A4r
20130711	6429	1342	https://wiki.piratenpartei.de/BY:Vorstandssitzung/2013-07-11#Kurz-Bericht_Generalsekret.C3.A4r
20130725	6423	1371	https://wiki.piratenpartei.de/BY:Vorstandssitzung/2013-07-25#Kurz-Bericht_Generalsekret.C3.A4r
20130808	6432	1402	https://wiki.piratenpartei.de/BY:Vorstandssitzung/2013-08-08#Kurz-Bericht_Generalsekret.C3.A4r
20130822	6432	1435	https://wiki.piratenpartei.de/BY:Vorstandssitzung/2013-08-22#Kurz-Bericht_Generalsekret.C3.A4r
20130825	6413	1433
20130905	6408	1599	https://wiki.piratenpartei.de/BY:Vorstandssitzung/2013-09-05#Kurz-Bericht_Generalsekret.C3.A4r
20130906	6407	1599
20130917	6410	1628
20130919	6409	1628	https://wiki.piratenpartei.de/BY:Vorstandssitzung/2013-09-19#Kurz-Bericht_Generalsekret.C3.A4r
20131003	6391	1696	https://wiki.piratenpartei.de/BY:Vorstandssitzung/2013-10-03#Kurz-Bericht_Generalsekret.C3.A4r
20131017	6327	1720	https://wiki.piratenpartei.de/BY:Vorstandssitzung/2013-10-17#Kurz-Bericht_Generalsekret.C3.A4r
20131026	6298	1443	http://www.machmaldieaugenauf.de/2013/10/26/vorbereitung-der-akkreditierung-zum-bpt-in-bremen/
20131107	6298	1785	https://wiki.piratenpartei.de/BY:Vorstandssitzung/2013-11-07#Kurz-Bericht_Generalsekret.C3.A4r
20131110	6287	1785
20131118	6281	1448	http://www.machmaldieaugenauf.de/2013/10/26/vorbereitung-der-akkreditierung-zum-bpt-in-bremen/
20131121	6283	1798	https://wiki.piratenpartei.de/BY:Vorstandssitzung/2013-11-21#Kurz-Bericht_Generalsekret.C3.A4r
20131123	6285	1499	http://www.machmaldieaugenauf.de/2013/10/26/vorbereitung-der-akkreditierung-zum-bpt-in-bremen/
20131201	6272	1817	http://www.machmaldieaugenauf.de/2013/12/02/abschliessende-statistiken-zum-bpt132/
20131205	6268	1812	https://wiki.piratenpartei.de/BY:Vorstandssitzung/2013-12-05#Kurz-Bericht_Generalsekret.C3.A4r
20131219	6138	1822	https://wiki.piratenpartei.de/BY:Vorstandssitzung/2013-12-19#Kurz-Bericht_Generalsekret.C3.A4r
#20140105	6055		http://blog.alexzinser.de/?p=90
20140105	6088	326	http://www.machmaldieaugenauf.de/2014/02/10/abschliessende-akkreditierungsstatistiken-zum-bpt141-und-zur-av-eu/
20140109	6006	390	https://wiki.piratenpartei.de/BY:Vorstandssitzung/2014-01-09#Kurz-Bericht_Generalsekret.C3.A4r
20140116	5869	521
20140123	5843	663	https://wiki.piratenpartei.de/BY:Vorstandssitzung/2014-01-23#Kurz-Bericht_Generalsekret.C3.A4r
20140206	5790	713	https://wiki.piratenpartei.de/BY:Vorstandssitzung/2014-02-06#Kurz-Bericht_Generalsekret.C3.A4r
20140220	5769	755	https://wiki.piratenpartei.de/BY:Vorstandssitzung/2014-02-20#Kurzbericht_Generalsekret.C3.A4r
20140225	5762	781
20140306	5746	784	https://wiki.piratenpartei.de/BY:Vorstandssitzung/2014-03-06#Kurzbericht_Generalsekret.C3.A4r
20140320	5693	925	https://wiki.piratenpartei.de/BY:Vorstandssitzung/2014-03-20#Kurz-Bericht_Generalsekret.C3.A4r
20140410	5654	931	https://wiki.piratenpartei.de/BY:Vorstandssitzung/2014-04-10#Kurz-Bericht_Generalsekret.C3.A4r
20140417	5644	926	https://wiki.piratenpartei.de/BY:Vorstandssitzung/2014-04-17#Kurz-Bericht_Generalsekret.C3.A4r
20140501	5633	928	https://wiki.piratenpartei.de/BY:Vorstandssitzung/2014-05-01#Kurz-Bericht_Generalsekret.C3.A4r
20140515	5608	920	https://wiki.piratenpartei.de/BY:Vorstandssitzung/2014-05-15#Kurz-Bericht_Generalsekret.C3.A4r
20140529	5595	988	https://wiki.piratenpartei.de/BY:Vorstandssitzung/2014-05-29#Kurz-Bericht_Generalsekret.C3.A4r
20140612	5596	1045	https://wiki.piratenpartei.de/BY:Vorstandssitzung/2014-06-12#Kurz-Bericht_Generalsekret.C3.A4r
20140626	5585	1096	https://wiki.piratenpartei.de/BY:Vorstandssitzung/2014-06-26#Kurz-Bericht_Generalsekret.C3.A4r
20140710	5563	1125	https://wiki.piratenpartei.de/BY:Vorstandssitzung/2014-07-10#Kurz-Bericht_Generalsekret.C3.A4r
20140714	5560	1125
20140724	5555	1131	https://wiki.piratenpartei.de/BY:Vorstandssitzung/2014-07-24#Kurz-Bericht_Generalsekret.C3.A4r
20140807	5530	1140	https://wiki.piratenpartei.de/BY:Vorstandssitzung/2014-08-07#Kurz-Bericht_Generalsekret.C3.A4r
20140810	5529	1139
20140821	5498	1155	https://wiki.piratenpartei.de/BY:Vorstandssitzung/2014-08-21#Kurz-Bericht_Generalsekret.C3.A4r
20140828	5493		https://twitter.com/H3rmi/status/505047264071790592/photo/1
20140904	5482		https://wiki.piratenpartei.de/BY:Vorstandssitzung/2014-09-04#Kurz-Bericht_Generalsekret.C3.A4r
20140911	5476	1152	https://twitter.com/H3rmi/status/510137422357995520/photo/1
20140914	5467	1199
20140918	5462	1197	https://wiki.piratenpartei.de/BY:Vorstandssitzung/2014-09-18#Kurz-Bericht_Generalsekret.C3.A4r
20140925	5435	1162	https://twitter.com/H3rmi/status/515199307776266240/photo/1
20141002	5416	1194	https://wiki.piratenpartei.de/BY:Vorstandssitzung/2014-10-02#Kurz-Bericht_Generalsekret.C3.A4r
20141016	5396	1198	https://wiki.piratenpartei.de/BY:Vorstandssitzung/2014-10-16#Kurz-Bericht_Generalsekret.C3.A4r
20141023	5392	1175	https://twitter.com/Bundes_GenSek/status/525300116002181120
20141030	5390	1210	https://wiki.piratenpartei.de/BY:Vorstandssitzung/2014-10-30#Kurz-Bericht_Generalsekret.C3.A4r
20141113	5379	1211	https://wiki.piratenpartei.de/BY:Vorstandssitzung/2014-11-13#Kurz-Bericht_Generalsekret.C3.A4r
20141127	5354	1207	https://wiki.piratenpartei.de/BY:Vorstandssitzung/2014-11-27#Kurz-Bericht_Generalsekret.C3.A4r
20150108	5219	115	https://wiki.piratenpartei.de/BY:Vorstandssitzung/2015-01-08#Kurz-Bericht_Generalsekret.C3.A4r
20150122	5185	458	https://wiki.piratenpartei.de/BY:Vorstandssitzung/2015-01-22#Kurz-Bericht_Generalsekret.C3.A4r
20150205	5173	493	https://wiki.piratenpartei.de/BY:Vorstandssitzung/2015-02-05#Kurz-Bericht_Generalsekret.C3.A4r
20150312	5132	550	http://vorstand.piratenpartei.de/2015/03/12/neues-aus-der-mitgliederverwaltung/
20150326	4887	567	http://vorstand.piratenpartei.de/2015/03/26/neues-aus-der-mitgliederverwaltung-2/
20150409	4886	607	http://vorstand.piratenpartei.de/2015/04/09/neues-aus-der-mitgliederverwaltung-3/
20150507	4837	644	http://vorstand.piratenpartei.de/2015/05/07/neues-aus-der-mitgliederverwaltung-4/
20150514	3340	649	https://wiki.piratenpartei.de/BY:Vorstandssitzung/2015-05-14
#
# https://wiki.piratenpartei.de/Kategorie:Bayerische_Vorstandssitzung_2014
20150608	3320	687	12	245	scraped from http://finanzen.piratenpartei.de/statistik.php
20150609	3320	687	12	245	scraped
20150610	3320	687	12	245	scraped
20150611	3320	687	12	245	scraped
20150612	3320	687	12	245	scraped
20150613	3320	688	12	245	scraped
20150614	3320	688	12	245	scraped
20150615	3317	688	12	245	scraped
20150616	3317	688	12	245	scraped
20150617	3317	688	12	245	scraped
20150618	3317	691	12	245	scraped
20150619	3317	691	12	245	scraped
20150620	3317	691	12	245	scraped
20150621	3317	695	12	245	scraped
20150622	3317	696	12	245	scraped
20150623	3317	696	14	245	scraped
20150624	3317	700	14	245	scraped
20150625	3318	700	18	245	scraped
20150626	3319	701	18	245	scraped
20150627	3318	701	18	245	scraped
20150628	3318	703	18	245	scraped
20150629	3318	703	18	245	scraped
20150630	3318	706	18	245	scraped
20150701	3318	713	18	245	scraped
20150702	3318	713	18	245	scraped
20150703	3318	714	18	245	scraped
20150704	3320	717	16	245	scraped
20150705	3320	717	16	245	scraped
20150706	3320	717	16	245	scraped
20150707	3320	719	16	245	scraped
20150708	3317	719	16	245	scraped
20150709	3317	719	16	245	scraped
20150710	3317	719	16	245	scraped
20150711	3317	721	16	245	scraped
20150712	3317	721	16	245	scraped
20150713	3317	721	16	245	scraped
20150714	3316	721	16	245	scraped
20150715	3316	721	16	245	scraped
20150716	3316	721	16	245	scraped
20150717	3317	722	15	245	scraped
20150718	3316	722	15	245	scraped
20150719	3316	722	15	245	scraped
20150720	3316	722	19	245	scraped
20150721	3316	722	19	245	scraped
20150722	3316	722	19	245	scraped
20150723	3313	727	15	244	scraped
20150724	3312	727	14	244	scraped
20150725	3312	727	14	244	scraped
20150726	3314	727	12	244	scraped
20150727	3314	727	12	244	scraped
20150728	3316	737	12	244	scraped
20150729	3308	747	12	242	scraped
20150730	3307	746	12	242	scraped
20150731	3307	746	12	242	scraped
20150801	3307	749	12	242	scraped
20150802	3307	749	12	242	scraped
20150803	3307	752	12	242	scraped
20150804	3307	752	12	242	scraped
20150805	3307	752	12	242	scraped
20150806	3306	752	12	242	scraped
20150807	3306	752	12	242	scraped
20150808	3306	752	12	242	scraped
20150809	3306	754	12	242	scraped
20150810	3306	754	12	242	scraped
20150811	3306	754	12	242	scraped
20150812	3306	754	12	242	scraped
20150813	3305	756	11	242	scraped
20150814	3305	756	11	242	scraped
20150815	3305	756	11	242	scraped
20150816	3305	756	11	242	scraped
20150817	3303	756	11	242	scraped
20150818	3303	756	11	242	scraped
20150819	3301	755	15	242	scraped
20150820	3301	756	15	242	scraped
20150821	3301	759	13	242	scraped
20150822	3301	759	13	242	scraped
20150823	3301	759	13	242	scraped
20150824	3301	760	13	242	scraped
20150825	3294	759	13	241	scraped
20150826	3294	759	13	241	scraped
20150827	3294	762	13	241	scraped
20150828	3294	762	13	241	scraped
20150829	3294	762	13	241	scraped
20150830	3294	762	13	241	scraped
20150831	3294	762	10	241	scraped
20150901	3292	762	12	241	scraped
20150902	3291	762	12	241	scraped
20150903	3176	762	13	241	scraped
20150904	3176	763	13	241	scraped
20150905	3176	763	13	241	scraped
20150906	3176	763	12	241	scraped
20150907	3175	763	12	241	scraped
20150908	3175	763	12	241	scraped
20150909	3173	763	13	241	scraped
20150910	3172	762	13	240	scraped
20150911	3173	762	12	240	scraped
20150912	3173	764	12	240	scraped
20150913	3171	765	11	240	scraped
20150914	3171	766	10	240	scraped
20150915	3158	764	10	240	scraped
20150916	3158	763	9	240	scraped
20150917	3156	763	9	240	scraped
20150918	3156	763	9	240	scraped
20150919	3156	768	9	240	scraped
20150920	3156	768	9	240	scraped
20150921	3156	768	9	240	scraped
20150922	3154	767	9	240	scraped
20150923	3154	766	9	240	scraped
20150924	3154	770	9	240	scraped
20150925	3154	770	9	240	scraped
20150926	3155	771	8	240	scraped
20150927	3155	771	8	240	scraped
20150928	3149	770	8	240	scraped
20150929	3149	770	8	240	scraped
20150930	3148	769	8	240	scraped
20151001	3148	769	8	240	scraped
20151002	3148	780	8	240	scraped
20151003	3144	779	7	240	scraped
20151004	3124	784	7	240	scraped
20151005	3121	788	7	240	scraped
20151006	3092	790	7	240	scraped
20151007	3074	790	8	240	scraped
20151008	3068	795	8	240	scraped
20151009	3068	796	8	240	scraped
20151010	3058	796	8	240	scraped
20151011	3058	797	8	240	scraped
20151012	3057	799	8	240	scraped
20151013	3048	851	8	240	scraped
20151014	3047	853	8	240	scraped
20151015	3045	868	8	240	scraped
20151016	3042	881	9	240	scraped
20151017	3037	882	10	240	scraped
20151018	3037	882	10	240	scraped
20151019	3037	901	10	240	scraped
20151020	3033	902	10	240	scraped
20151021	3035	910	9	240	scraped
20151022	3034	914	9	240	scraped
20151023	3031	922	13	240	scraped
20151024	3027	927	13	240	scraped
20151025	3027	928	13	240	scraped
20151026	3027	929	13	240	scraped
20151027	3020	929	13	240	scraped
20151028	2994	938	13	239	scraped
20151029	2989	1011	11	239	scraped
20151030	2979	1011	12	239	scraped
20151031	2979	1013	12	239	scraped
20151101	2952	1031	12	239	scraped
20151102	2951	1030	12	239	scraped
20151103	2945	1034	12	239	scraped
20151104	2945	1034	12	239	scraped
20151105	2944	1060	12	239	scraped
20151106	2944	1071	12	239	scraped
20151107	2944	1071	12	239	scraped
20151108	2942	1070	12	239	scraped
20151109	2936	1068	11	237	scraped
20151110	2936	1068	11	237	scraped
20151111	2934	1066	11	237	scraped
20151112	2935	1068	10	237	scraped
20151113	2935	1068	10	237	scraped
20151114	2935	1068	10	237	scraped
20151115	2935	1068	10	237	scraped
20151116	2935	1068	10	237	scraped
20151117	2935	1068	10	237	scraped
20151118	2915	1084	10	236	scraped
20151119	2915	1092	10	236	scraped
20151120	2915	1093	10	236	scraped
20151121	2915	1093	10	236	scraped
20151122	2907	1090	10	236	scraped
20151123	2907	1090	10	236	scraped
20151124	2904	1088	10	236	scraped
20151125	2904	1088	11	236	scraped
20151126	2901	1090	11	236	scraped
20151127	2901	1096	11	236	scraped
20151128	2901	1096	11	236	scraped
20151129	2900	1096	11	236	scraped
20151130	2900	1099	11	236	scraped
20151201	2892	1101	11	236	scraped
20151202	2892	1101	11	236	scraped
20151203	2892	1103	11	236	scraped
20151204	2885	1106	11	236	scraped
20151205	2879	1102	11	236	scraped
20151206	2876	1103	11	236	scraped
20151207	2869	1104	11	236	scraped
20151208	2869	1107	11	236	scraped
20151209	2868	1115	10	236	scraped
20151210	2868	1126	10	236	scraped
20151211	2859	1151	10	235	scraped
20151212	2859	1160	10	235	scraped
20151213	2836	1178	10	235	scraped
20151214	2807	1175	10	234	scraped
20151215	2807	1176	10	234	scraped
20151216	2805	1176	10	234	scraped
20151217	2798	1184	10	234	scraped
20151218	2799	1187	10	234	scraped
20151219	2798	1192	10	234	scraped
20151220	2792	1188	9	233	scraped
20151221	2792	1189	8	233	scraped
20151222	2792	1189	8	233	scraped
20151223	2792	1189	8	233	scraped
20151224	2787	1190	8	233	scraped
20151225	2787	1190	8	233	scraped
20151226	2787	1190	8	233	scraped
20151227	2787	1190	8	233	scraped
20151228	2785	1189	7	233	scraped
20151229	2785	1189	7	233	scraped
20151230	2785	1196	6	233	scraped
20151231	2748	1178	6	233	scraped
20160101	2745	78	6	233	scraped
20160102	2746	470	6	233	scraped
20160103	2746	470	6	233	scraped
20160104	2743	469	6	232	scraped
20160105	2743	469	6	232	scraped
20160106	2743	486	6	232	scraped
20160107	2739	503	6	232	scraped
20160108	2739	503	6	232	scraped
20160109	2720	533	6	232	scraped
20160110	2720	533	6	232	scraped
20160111	2720	536	6	232	scraped
20160112	2720	536	6	232	scraped
20160113	2720	535	6	232	scraped
20160114	2720	541	6	232	scraped
20160115	2720	542	6	232	scraped
20160116	2720	554	4	232	scraped
20160117	2720	550	6	232	scraped
20160118	2704	552	6	231	scraped
20160119	2704	552	6	231	scraped
20160120	2704	562	6	231	scraped
20160121	2704	562	6	231	scraped
20160122	2704	574	6	231	scraped
20160123	2703	585	6	230	scraped
20160124	2685	584	6	229	scraped
20160125	2686	585	6	230	scraped
20160126	2686	585	6	230	scraped
20160127	2686	585	6	230	scraped
20160128	2686	587	6	230
20160129	2686	598	6	230
20160130	2686	599	6	230
20160131	2686	599	6	230
20160201	2676	602	6	230
20160202	2676	606	6	230
20160203	2676	606	6	230
20160204	2676	620	6	230
20160205	2676	665	6	230
20160206	2662	686	6	228
20160207	2662	697	6	228
20160208	2662	712	6	228
20160209	2662	714	6	228
20160210	2662	718	6	228
20160211	2662	728	6	228
20160212	2643	738	7	226
20160213	2642	755	7	226
20160214	2642	755	5	226
20160215	2642	755	5	226
20160216	2641	766	5	226
20160217	2641	774	5	226
20160218	2640	780	5	226
20160219	2640	790	5	226
20160220	2640	790	5	226
20160221	2636	793	5	226
20160222	2636	793	5	226
20160223	2636	793	5	226
20160224	2636	811	5	226
20160225	2636	816	5	226
20160226	2636	817	5	226
20160227	2629	819	8	226
20160228	2629	819	8	226
20160229	2627	836	7	225
20160301	2626	838	8	225
20160302	1755	840	8	219
20160303	1755	841	8	219
20160304	1755	848	8	219
20160305	1755	848	8	219
20160306	1751	845	8	219
20160307	1751	845	8	219
20160308	1751	845	8	219
20160309	1751	845	8	219
20160310	1750	853	8	219
20160311	1747	853	8	219
20160312	1748	876	7	219
20160313	1748	876	7	219
20160314	1748	876	7	219
20160315	1747	876	7	219
20160316	1747	897	7	219
20160317	1742	897	7	219
20160318	1742	903	7	219
20160319	1743	930	7	219
20160320	1740	929	7	219
20160321	1741	929	10	219
20160322	1741	930	10	219
20160323	1741	931	10	219
20160324	1737	930	10	219
20160325	1736	938	10	219
20160326	1736	938	10	219
20160327	1733	937	10	219
20160328	1732	937	9	219
20160329	1732	938	9	219
20160330	1730	938	9	219
20160331	1730	938	9	219
20160401	1730	942	9	219
20160402	1730	942	9	219
20160403	1730	944	9	219
20160404	1731	955	8	219
20160405	1731	955	8	219
20160406	1731	955	8	219
20160407	1731	955	8	219
20160408	1731	955	8	219
20160409	1727	966	8	219
20160410	1725	967	8	219
20160411	1725	969	8	219
20160412	1725	969	8	219
20160413	1725	969	17	219
20160414	1725	968	17	219
20160415	1723	969	17	218
20160416	1723	969	17	218
20160417	1721	969	17	218
20160418	1721	969	17	218
20160419	1721	974	9	218
20160420	1720	974	9	218
20160421	1718	1007	11	218
20160422	1718	1007	10	218
20160423	1719	1012	9	218
20160424	1719	1012	9	218
20160425	1719	1012	9	218
20160426	1719	1012	9	218
20160427	1719	1012	9	218
20160428	1719	1014	9	218
20160429	1719	1017	9	218
20160430	1719	1017	9	218
20160501	1717	1016	9	218
20160502	1717	1017	9	218
20160503	1717	1026	9	218
20160504	1717	1026	9	218
20160505	1717	1026	9	218
20160506	1717	1027	9	218
20160507	1714	1036	9	218
20160508	1714	1036	9	218
20160509	1714	1036	9	218
20160510	1714	1036	9	218
20160511	1714	1036	9	218
20160512	1714	1040	10	218
20160513	1714	1042	10	218
20160514	1714	1042	10	218
20160515	1714	1045	10	218
20160516	1714	1045	10	218
20160517	1714	1045	10	218
20160518	1714	1045	10	218
20160519	1714	1045	10	218
20160520	1714	1045	10	218
20160521	1714	1045	10	218
20160522	1714	1046	9	217
20160523	1714	1050	9	217
20160524	1714	1053	9	217
20160525	1714	1053	9	217
20160526	1714	1053	9	217
20160527	1711	1065	9	217
20160528	1711	1065	9	217
20160529	1711	1065	9	217
20160530	1711	1065	9	217
20160531	1711	1065	9	217
20160601	1711	1065	10	217
20160602	1711	1067	10	217
20160603	1711	1072	10	217
20160604	1711	1072	10	217
20160605	1710	1077	9	217
20160606	1710	1077	9	217
20160607	1710	1077	9	217
20160608	1710	1077	9	217
20160609	1708	1076	9	217
20160610	1708	1080	9	217
20160611	1708	1080	9	217
20160612	1708	1080	9	217
20160613	1708	1080	9	217
20160614	1706	1080	9	217
20160615	1705	1081	9	217
20160616	1705	1082	9	217
20160617	1704	1083	9	217
20160618	1704	1083	9	217
20160619	1704	1084	9	217
20160620	1704	1084	8	217
20160621	1704	1084	8	217
20160622	1695	1084	8	216
20160623	1694	1083	8	216
20160624	1694	1083	8	216
20160625	1694	1083	8	216
20160626	1694	1083	8	216
20160627	1694	1083	8	216
20160628	1694	1084	8	216
20160629	1693	1083	8	216
20160630	1693	1089	8	216
20160701	1693	1089	8	216
20160702	1693	1089	8	216
20160703	1693	1094	8	216
20160704	1693	1094	8	216
20160705	1693	1094	8	216
20160706	1693	1095	8	216
20160707	1691	1094	8	216
20160708	1691	1094	10	216
20160709	1691	1094	10	216
20160710	1691	1095	10	216
20160711	1691	1095	10	216
20160712	1691	1095	10	216
20160713	1693	1095	8	216
20160714	1693	1096	8	216
20160715	1691	1100	9	216
20160716	1691	1101	9	216
20160717	1691	1101	9	216
20160718	1691	1101	9	216
20160719	1691	1101	8	216
20160720	1690	1102	8	216
20160721	1690	1102	8	216
20160722	1690	1102	8	216
20160723	1690	1102	8	216
20160724	1690	1102	8	216
20160725	1658	1102	8	216
20160726	1658	1104	8	216
20160727	1658	1106	8	216
20160728	1658	1106	8	216
20160729	1657	1105	8	216
20160730	1657	1105	8	216
20160731	1657	1107	8	216
20160801	1657	1107	8	216
20160802	1656	1107	8	216
20160803	1656	1108	8	216
20160804	1656	1108	8	216
20160805	1657	1108	7	216
20160806	1657	1108	7	216
20160807	1657	1108	7	216
20160808	1657	1108	7	216
20160809	1657	1108	7	216
20160810	1657	1108	7	216
20160811	1657	1108	7	216
20160812	1657	1108	7	216
20160813	1656	1107	7	216
20160814	1656	1107	7	216
20160815	1656	1107	7	216
20160816	1656	1107	11	216
20160817	1656	1107	10	216
20160818	1656	1107	10	216
20160819	1656	1109	10	216
20160820	1655	1109	10	216
20160821	1654	1108	10	216
20160822	1654	1109	10	216
20160823	1654	1111	10	216
20160824	1654	1114	9	216
20160825	1652	1114	9	216
20160826	1652	1115	9	216
20160827	1651	1114	7	216
20160828	1651	1114	7	216
20160829	1651	1114	7	216
20160830	1651	1116	7	216
20160831	1650	1115	7	216
20160901	1648	1114	7	216
20160902	1648	1114	7	216
20160903	1648	1114	7	216
20160904	1648	1114	7	216
20160905	1647	1113	7	216
20160906	1646	1113	7	216
20160907	1646	1113	7	216
20160908	1646	1113	7	216
20160909	1645	1112	7	216
20160910	1645	1112	7	216
20160911	1645	1112	7	216
20160912	1644	1112	7	216
20160913	1642	1110	7	216
20160914	1642	1110	7	216
20160915	1643	1112	6	216
20160916	1644	1113	9	216
20160917	1644	1113	9	216
20160918	1644	1113	8	216
20160919	1644	1113	8	216
20160920	1640	1110	8	216
20160921	1639	1109	8	216
20160922	1640	1109	7	216
20160923	1638	1107	7	216
20160924	1637	1106	7	216
20160925	1636	1106	7	216
20160926	1636	1109	7	216
20160927	1627	1104	7	216
20160928	1627	1104	7	216
20160929	1627	1104	7	216
20160930	1627	1104	7	216
20161001	1627	1106	7	216
20161002	1627	1106	7	216
20161003	1621	1103	7	215
20161004	1619	1105	7	215
20161005	1619	1105	7	215
20161006	1615	1101	6	215
20161007	1611	1099	6	214
20161008	1611	1099	6	214
20161009	1611	1099	6	214
20161010	1611	1099	7	214
20161011	1609	1099	8	214
20161012	1609	1099	7	214
20161013	1608	1098	8	213
20161014	1608	1098	8	213
20161015	1608	1098	8	213
20161016	1608	1096	6	212
20161017	1608	1098	6	212
20161018	1608	1098	6	212
20161019	1608	1098	9	212
20161020	1609	1098	7	212
20161021	1609	1101	7	212
20161022	1610	1101	6	212
20161023	1610	1102	6	212
20161024	1610	1102	6	212
20161025	1610	1103	6	212
20161026	1606	1099	6	212
20161027	1604	1097	6	212
20161028	1604	1097	6	212
20161029	1604	1097	6	212
20161030	1604	1097	6	212
20161031	1601	1094	6	210
20161101	1601	1095	6	210
20161102	1601	1095	6	210
20161103	1601	1095	6	210
20161104	1601	1095	6	210
20161105	1601	1095	6	210
20161106	1601	1095	6	210
20161107	1601	1099	6	210
20161108	1601	1099	6	210
20161109	1595	1096	6	209
20161110	1595	1096	6	209
20161111	1595	1096	6	209
20161112	1595	1096	6	209
20161113	1595	1099	6	209
20161114	1595	1099	6	209
20161115	1591	1096	6	209
20161116	1590	1095	6	209
20161117	1590	1095	6	209
20161118	1590	1095	6	209
20161119	1590	1095	6	209
20161120	1589	1094	6	209
20161121	1589	1096	6	209
20161122	1589	1096	6	209
20161123	1587	1095	6	208
20161124	1586	1094	6	208
20161125	1584	1093	6	208
20161126	1583	1092	6	208
20161127	1582	1091	6	208
20161128	1582	1091	6	208
20161129	1582	1091	6	208
20161130	1582	1092	6	208
20161201	1582	1092	6	208
20161202	1582	1092	6	208
20161203	1582	1092	6	208
20161204	1582	1094	6	208
20161205	1582	1094	6	208
20161206	1582	1094	6	208
20161207	1582	1094	6	208
20161208	1581	1094	6	207
20161209	1581	1096	6	207
20161210	1582	1096	6	207
20161211	1582	1097	6	207
20161212	1544	1099	6	207
20161213	1544	1099	6	207
20161214	1544	1099	6	207
20161215	1544	1099	6	207
20161216	1544	1099	6	207
20161217	1544	1099	6	207
20161218	1544	1099	6	207
20161219	1544	1099	6	207
20161220	1544	1099	6	207
20161221	1544	1100	6	207
20161222	1544	1100	6	207
20161223	1544	1099	6	207
20161224	1544	1099	6	207
20161225	1544	1101	6	207
20161226	1536	1094	6	205
20161227	1535	1095	6	205
20161228	1535	1095	6	205
20161229	1535	1095	6	205
20161230	1529	1089	6	203
20161231	1515	1075	6	203
20170101	1511	16	6	203
20170102	1511	22	6	203
20170103	1510	22	6	203
20170104	1510	22	6	203
20170105	1510	22	6	203
20170106	1510	22	6	203
20170107	1510	22	6	203
20170108	1510	22	6	203
20170109	1510	22	6	203
20170110	1510	22	6	203
20170111	1510	22	6	203
20170112	1506	429	6	202
20170113	1506	414	6	202
20170114	1506	414	6	202
20170115	1506	416	6	202
20170116	1506	425	10	202
20170117	1506	425	10	202
20170118	1506	427	10	202
20170119	1506	429	10	202
20170120	1509	431	8	202
20170121	1505	431	8	202
20170122	1503	429	8	202
20170123	1504	434	7	202
20170124	1503	434	7	202
20170125	1504	435	7	202
20170126	1504	435	7	202
20170127	1505	438	6	202
20170128	1505	444	6	202
20170129	1504	444	6	202
20170130	1503	444	6	202
20170131	1499	445	6	201
20170201	1499	445	6	201
20170202	1499	445	6	201
20170203	1499	449	6	201
20170204	1499	449	6	201
20170205	1498	449	6	201
20170206	1497	449	6	201
20170207	1497	449	6	201
20170208	1497	454	6	201
20170209	1497	457	6	201
20170210	1497	457	6	201
20170211	1497	470	6	201
20170212	1497	477	6	201
20170213	1497	489	5	201
20170214	1496	489	5	201
20170215	1495	489	5	201
20170216	1495	489	5	201
20170217	1494	506	5	200
20170218	1494	506	5	200
20170219	1494	506	5	200
20170220	1494	506	5	200
20170221	1494	506	5	200
20170222	1494	517	5	200
20170223	1494	517	5	200
20170224	1490	566	7	200
20170225	1490	566	7	200
20170226	1490	601	7	200
20170227	1490	601	7	200
20170228	1490	613	7	200
20170301	1490	613	7	200
20170302	1491	629	7	200
20170303	1489	627	6	200
20170304	1489	627	6	200
20170305	1489	627	6	200
20170306	1489	627	6	200
20170307	1489	627	6	200
20170308	1489	627	6	200
20170309	1487	651	6	200
20170310	1487	651	6	200
20170311	1488	651	6	200
20170312	1488	651	6	200
20170313	1488	651	6	200
20170314	1488	651	6	200
20170315	1485	658	6	200
20170316	1485	658	6	200
20170317	1483	673	4	200
20170318	1483	673	4	200
20170319	1482	673	4	200
20170320	1482	673	4	200
20170321	1481	676	4	200
20170322	1481	676	4	200
20170323	1478	691	4	200
20170324	1478	691	4	200
20170325	1478	706	4	200
20170326	1478	706	4	200
20170327	1478	706	4	200
20170328	1478	706	4	200
20170329	1478	706	4	200
20170330	1475	716	4	200
20170331	1475	716	4	200
20170401	1475	716	4	200
20170402	1475	716	4	200
20170403	1475	716	4	200
20170404	1475	716	4	200
20170405	1475	716	4	200
20170406	1475	716	4	200
20170407	1470	772	4	200
20170408	1470	772	4	200
20170409	1470	772	4	200
20170410	1470	772	4	200
20170411	1470	786	4	200
20170412	1470	786	4	200
20170413	1470	786	4	200
20170414	1470	786	4	200
20170415	1470	786	4	200
20170416	1463	784	4	200
20170417	1463	784	4	200
20170418	1461	788	4	201
20170419	1461	788	4	201
20170420	1461	788	4	201
20170421	1461	788	4	201
20170422	1461	788	4	201
20170423	1461	788	4	201
20170424	1461	788	4	201
20170425	1461	788	4	201
20170426	1460	797	2	201
20170427	1460	797	2	201
20170428	1460	797	2	201
20170429	1460	797	2	201
20170430	1457	815	5	201
20170501	1457	815	5	201
20170502	1457	815	5	201
20170503	1457	815	5	201
20170504	1454	825	5	201
20170505	1454	825	5	201
20170506	1454	825	5	201
20170507	1454	825	5	201
20170508	1454	825	5	201
20170509	1454	839	5	201
20170510	1454	839	5	201
20170511	1452	838	5	200
20170512	1452	838	5	200
20170513	1452	838	5	200
20170514	1452	838	5	200
20170515	1444	839	6	199
20170516	1444	839	6	199
20170517	1444	839	6	199
20170518	1444	839	6	199
20170519	1437	847	6	198
20170520	1432	842	6	198
20170521	1432	842	6	198
20170522	1432	842	6	198
20170523	1432	842	6	198
20170524	1432	842	6	198
20170525	1432	842	6	198
20170526	1432	842	6	198
20170527	1429	847	8	197
20170528	1429	847	8	197
20170529	1425	845	8	195
20170530	1425	845	8	195
20170531	1424	845	8	194
20170601	1424	845	8	194
20170602	1424	845	8	194
20170603	1424	845	8	194
20170604	1421	845	8	194
20170605	1421	845	8	194
20170606	1421	845	8	194
20170607	1421	845	8	194
20170608	1421	848	8	194
20170609	1421	848	8	194
20170610	1418	845	8	194
20170611	1418	845	8	194
20170612	1418	845	8	194
20170613	1418	845	8	194
20170614	1414	842	9	193
20170615	1414	842	9	193
20170616	1412	840	10	193
20170617	1412	840	10	193
20170618	1411	839	10	192
20170619	1411	839	10	192
20170620	1411	839	10	192
20170621	1411	839	10	192
20170622	1410	841	11	192
20170623	1410	841	11	192
20170624	1407	838	11	192
20170625	1407	838	11	192
20170626	1407	838	11	192
20170627	1407	838	11	192
20170628	1410	843	8	192
20170629	1410	843	8	192
20170630	1404	837	8	191
20170701	1404	837	8	191
20170702	1404	837	8	191
20170703	1404	837	8	191
20170704	1404	837	8	191
20170705	1404	837	8	191
20170706	1404	837	8	191
20170707	1405	837	8	191
20170708	1405	837	8	191
20170709	1405	838	8	191
20170710	1405	838	8	191
20170711	1402	837	8	190
20170712	1402	837	8	190
20170713	1402	837	8	190
20170714	1402	837	8	190
20170715	1402	837	8	190
20170716	1402	837	8	190
20170717	1402	837	8	190
20170718	1402	837	8	190
20170719	1402	837	8	190
20170720	1402	837	8	190
20170721	1402	838	9	190
20170722	1402	838	9	190
20170723	1402	838	9	190
20170724	1402	838	9	190
20170725	1402	840	9	190
20170726	1402	840	9	190
20170727	1402	840	9	190
20170728	1402	840	9	190
20170729	1402	840	9	190
20170730	1402	840	9	190
20170731	1403	842	8	190
20170801	1403	842	8	190
20170802	1403	842	8	190
20170803	1403	842	8	190
20170804	1403	842	8	190
20170805	1403	842	8	190
20170806	1403	842	8	190
20170807	1403	842	8	190
20170808	1403	842	8	190
20170809	1403	842	8	190
20170810	1401	842	8	190
20170811	1401	842	8	190
20170812	1401	842	8	190
20170813	1401	842	8	190
20170814	1401	842	8	190
20170815	1401	842	8	190
20170816	1400	841	8	189
20170817	1399	840	8	189
20170818	1399	840	8	189
20170819	1399	840	8	189
20170820	1399	840	8	189
20170821	1399	840	8	189
20170822	1399	840	8	189
20170823	1398	841	10	189
20170824	1398	841	10	189
20170825	1398	843	9	189
20170826	1398	843	9	189
20170827	1399	843	8	189
20170828	1399	843	8	189
20170829	1399	843	8	189
20170830	1399	843	8	189
20170831	1400	844	8	190
20170901	1400	844	8	190
20170902	1398	842	8	190
20170903	1398	842	8	190
20170904	1398	843	8	190
20170905	1398	843	8	190
20170906	1398	843	8	190
20170907	1398	843	8	190
20170908	1397	842	6	190
20170909	1397	842	6	190
20170910	1397	842	6	190
20170911	1397	842	6	190
20170912	1397	842	6	190
20170913	1397	842	6	190
20170914	1396	841	6	190
20170915	1396	841	6	190
20170916	1396	841	6	190
20170917	1396	841	6	190
20170918	1397	844	6	190
20170919	1397	844	6	190
20170920	1397	844	6	190
20170921	1397	844	6	190
20170922	1397	844	6	190
20170923	1397	845	8	190
20170924	1397	845	8	190
20170925	1397	845	8	190
20170926	1397	845	8	190
20170927	1397	845	8	190
20170928	1397	845	8	190
20170929	1397	845	8	190
20170930	1387	840	11	188
20171001	1387	840	11	188
20171002	1387	840	11	188
20171003	1381	836	13	187
20171004	1381	836	13	187
20171005	1381	836	13	187
20171006	1381	836	13	187
20171007	1381	836	13	187
20171008	1381	836	13	187
20171009	1381	836	13	187
20171010	1381	836	13	187
20171011	1381	836	13	187
20171012	1381	836	13	187
20171013	1381	836	13	187
20171014	1381	836	13	187
20171015	1381	836	13	187
20171016	1381	836	13	187
20171017	1381	836	13	187
20171018	1381	836	13	187
20171019	1373	829	12	184
20171020	1373	829	12	184
20171021	1372	830	12	184
20171022	1372	831	13	184
20171023	1368	830	14	184
20171024	1368	830	14	184
20171025	1368	834	14	184
20171026	1368	835	13	184
20171027	1367	834	13	184
20171028	1367	834	13	184
20171029	1364	832	13	184
20171030	1361	833	14	184
20171031	1359	832	16	184
20171101	1359	832	16	184
20171102	1359	832	17	184
20171103	1359	832	17	184
20171104	1358	832	17	184
20171105	1360	834	14	184
20171106	1360	839	14	184
20171107	1360	840	14	184
20171108	1360	842	15	184
20171109	1358	840	16	183
20171110	1358	840	16	183
20171111	1354	836	16	183
20171112	1354	836	16	183
20171113	1355	836	15	183
20171114	1355	841	15	183
20171115	1355	841	15	183
20171116	1355	841	15	183
20171117	1355	841	15	183
20171118	1352	838	15	183
20171119	1348	834	14	183
20171120	1348	834	14	183
20171121	1348	834	14	183
20171122	1348	834	14	183
20171123	1348	834	14	183
20171124	1348	839	11	183
20171125	1348	839	11	183
20171126	1348	840	10	182
20171127	1348	843	10	182
20171128	1348	843	10	182
20171129	1346	841	10	182
20171130	1344	839	11	182
20171201	1344	839	11	182
20171202	1344	839	11	182
20171203	1344	839	11	182
20171204	1341	838	12	182
20171205	1340	838	12	182
20171206	1337	836	12	182
20171207	1336	836	15	182
20171208	1336	836	15	182
20171209	1338	836	13	182
20171210	1337	836	13	182
20171211	1337	844	13	182
20171212	1337	844	13	182
20171213	1336	843	13	182
20171214	1336	843	12	182
20171215	1335	843	12	181
20171216	1335	843	12	181
20171217	1334	842	12	181
20171218	1330	838	12	181
20171219	1330	838	12	181
20171220	1330	838	12	181
20171221	1330	840	12	181
20171222	1327	837	12	180
20171223	1325	839	12	180
20171224	1325	839	12	180
20171225	1325	839	12	180
20171226	1325	839	12	180
20171227	1325	839	12	180
20171228	1325	839	12	180
20171229	1325	839	12	180
20171230	1325	839	12	180
20171231	1312	828	12	177
20180102	1307	19	10	177
20180103	1303	19	10	177
20180104	1302	340	10	177
20180105	1302	340	10	177
20180106	1299	348	10	176
20180107	1299	348	10	176
20180108	1299	348	10	176
20180109	1299	348	10	176
20180110	1299	348	10	176
20180111	1298	348	11	176
20180112	1298	353	11	176
20180113	1297	353	11	176
20180114	1296	363	11	176
20180115	1296	365	11	176
20180116	1295	363	11	176
20180117	1296	364	10	176
20180118	1296	365	10	176
20180119	1296	365	10	176
20180120	1296	365	10	176
20180121	1295	369	10	176
20180122	1289	372	10	176
20180123	1289	372	10	176
20180124	1281	370	10	176
20180125	1278	377	10	176
20180126	1279	376	10	177
20180127	1279	376	10	177
20180128	1278	376	10	177
20180129	1278	427	10	177
20180130	1278	427	10	177
20180131	1277	432	11	177
20180201	1275	432	11	177
20180202	1275	432	11	177
20180203	1275	432	11	177
20180204	1274	431	11	177
20180205	1274	451	11	177
20180206	1274	462	11	177
20180207	1274	462	11	177
20180208	1274	462	11	177
20180209	1273	462	10	177
20180210	1272	471	10	177
20180211	1272	471	10	177
20180212	1272	471	10	177
20180213	1271	471	10	177
20180214	1271	471	10	176
20180215	1271	481	10	176
20180216	1271	482	10	176
20180217	1271	496	10	176
20180218	1269	498	9	176
20180219	1265	510	9	175
20180220	1265	521	10	175
20180221	1265	521	10	175
20180222	1266	522	9	175
20180223	1265	522	9	175
20180224	1265	523	9	175
20180225	1265	523	10	175
20180226	1265	523	10	175
20180227	1265	523	10	175
20180228	1265	523	10	175
20180301	1264	530	10	175
20180302	1265	539	9	175
20180303	1265	539	9	175
20180304	1265	539	9	175
20180305	1265	549	9	175
20180306	1265	555	9	175
20180307	1265	556	9	175
20180308	1265	556	9	175
20180309	1265	556	9	175
20180310	1265	556	9	175
20180311	1264	563	9	175
20180312	1264	568	9	175
20180313	1264	568	9	175
20180314	1264	568	9	175
20180315	1264	568	9	175
20180316	1264	568	9	175
20180317	1264	568	9	175
20180318	1261	574	9	175
20180319	1261	575	9	175
20180320	1261	581	8	175
20180321	1261	581	8	175
20180322	1261	581	8	175
20180323	1261	581	8	175
20180324	1260	581	8	175
20180325	1259	582	8	175
20180326	1258	582	8	175
20180327	1258	582	8	175
20180328	1258	584	8	175
20180329	1258	584	8	175
20180330	1258	584	8	175
20180331	1258	584	8	175
20180401	1258	584	8	175
20180402	1258	584	8	175
20180403	1231	601	5	174
20180404	1231	601	5	174
20180405	1231	601	5	174
20180406	1231	603	5	174
20180407	1232	603	5	174
20180408	1232	603	5	174
20180409	1232	604	5	174
20180410	1232	613	5	174
20180411	1232	613	3	174
20180412	1232	616	3	174
20180413	1232	618	3	174
20180414	1232	620	3	174
20180415	1232	620	3	174
20180416	1231	619	3	174
20180417	1231	619	3	174
20180418	1231	619	3	174
20180419	1231	624	3	174
20180420	1231	624	3	174
20180421	1231	624	2	174
20180422	1231	624	2	174
20180423	1231	627	2	174
20180424	1231	627	2	174
20180425	1231	627	3	174
20180426	1231	627	3	174
20180427	1231	627	3	174
20180428	1232	627	2	174
20180429	1232	627	2	174
20180430	1233	627	2	174
20180501	1233	627	2	174
20180502	1233	628	2	174
20180503	1233	628	3	174
20180504	1233	638	3	174
20180505	1232	639	2	173
20180506	1232	641	2	173
20180507	1232	641	2	173
20180508	1232	641	2	173
20180509	1232	641	2	173
20180510	1232	641	1	173
20180511	1229	654	1	173
20180512	1229	654	1	173
20180513	1229	654	1	173
20180514	1229	657	1	173
20180515	1229	657	1	173
20180516	1229	658	1	173
20180517	1229	658	1	173
20180518	1229	659	1	173
20180519	1229	659	1	173
20180520	1227	658	1	173
20180521	1225	658	1	173
20180522	1225	658	1	173
20180523	1225	658	1	173
20180524	1225	658	1	173
20180525	1225	661	1	173
20180526	1226	661	1	173
20180527	1218	660	1	173
20180528	1218	661	1	173
20180529	1218	661	1	173
20180530	1218	661	1	173
20180531	1218	661	1	173
20180601	1218	661	1	173
20180602	1218	663	1	173
20180603	1218	663	0	173
20180604	1218	672	0	173
20180605	1218	672	0	173
20180606	1218	672	0	173
20180607	1218	672	0	173
20180608	1218	683	0	173
20180609	1218	683	0	173
20180610	1216	683	0	173
20180611	1216	683	0	173
20180612	1216	683	0	173
20180613	1216	685	0	173
20180614	1215	686	0	172
20180615	1215	687	0	172
20180616	1215	687	0	172
20180617	1215	687	0	172
20180618	1215	687	0	172
20180619	1215	687	0	172
20180620	1215	689	0	172
20180621	1213	689	0	172
20180622	1212	689	0	172
20180623	1212	689	0	172
20180624	1212	690	0	172
20180625	1212	690	0	172
20180626	1212	690	0	172
20180627	1212	690	0	172
20180628	1212	690	0	172
20180629	1212	690	0	172
20180630	1212	690	0	172
20180701	1212	690	0	172
20180702	1212	690	0	172
20180703	1206	688	0	172
20180704	1206	688	0	172
20180705	1206	688	0	172
20180706	1206	688	0	172
20180707	1206	688	0	172
20180708	1206	688	0	172
20180709	1206	688	0	172
20180710	1201	684	0	172
20180711	1201	684	0	172
20180712	1200	684	2	171
20180713	1196	682	4	171
20180714	1196	682	4	171
20180715	1196	682	4	171
20180716	1196	682	4	171
20180717	1196	683	5	171
20180718	1196	683	5	171
20180719	1196	683	5	171
20180720	1196	683	6	171
20180721	1196	685	6	171
20180722	1196	685	6	171
20180723	1196	687	6	171
20180724	1197	689	5	171
20180725	1197	689	5	171
20180726	1197	689	5	171
20180727	1192	686	5	171
20180728	1192	686	5	171
20180729	1192	686	5	171
20180730	1192	686	5	171
20180731	1192	686	5	171
20180801	1192	686	5	171
20180802	1192	686	5	171
20180803	1192	686	5	171
20180804	1192	686	5	171
20180805	1192	686	5	171
20180806	1192	686	5	171
20180807	1192	686	5	171
20180808	1192	688	5	171
20180809	1192	688	5	171
20180810	1192	688	5	171
20180811	1192	688	5	171
20180812	1192	690	5	171
20180813	1192	693	5	171
20180814	1192	693	5	171
20180815	1192	693	5	171
20180816	1192	693	5	171
20180817	1192	693	5	171
20180818	1193	693	4	171
20180819	1192	697	4	171
20180820	1192	698	4	171
20180821	1192	698	4	171
20180822	1192	698	4	171
20180823	1192	698	4	171
20180824	1192	699	4	171
20180825	1192	699	4	171
20180826	1192	701	4	171
20180827	1192	701	4	171
20180828	1192	701	4	171
20180829	1192	701	4	171
20180830	1192	701	4	171
20180831	1191	700	5	171
20180901	1191	700	5	171
20180902	1191	701	5	171
20180903	1191	701	5	171
20180904	1191	701	5	171
20180905	1191	701	5	171
20180906	1191	701	5	171
20180907	1191	701	5	171
20180908	1191	701	5	171
20180909	1191	701	5	171
20180910	1191	701	5	171
20180911	1191	701	5	171
20180912	1191	701	5	171
20180913	1191	701	5	171
20180914	1191	701	5	171
20180915	1191	701	5	171
20180916	1191	701	5	171
20180917	1191	701	5	171
20180918	1191	701	5	171
20180919	1191	701	5	171
20180920	1191	701	5	171
20180921	1191	701	5	171
20180922	1191	702	5	171
20180923	1191	702	5	171
20180924	1191	702	5	171
20180925	1191	702	5	171
20180926	1191	702	5	171
20180927	1191	702	5	171
20180928	1191	703	5	171
20180929	1191	703	5	171
20180930	1191	704	5	171
20181001	1191	704	5	171
20181002	1191	704	5	171
20181003	1191	704	5	171
20181004	1191	704	5	171
20181005	1191	704	5	171
20181006	1191	704	5	171
20181007	1191	704	5	171
20181008	1191	704	5	171
20181009	1191	704	5	171
20181010	1191	704	5	171
20181011	1191	704	5	171
20181012	1188	701	5	171
20181013	1188	702	5	171
20181014	1188	702	5	171
20181015	1188	702	5	171
20181016	1188	702	5	171
20181017	1188	702	5	171
20181018	1188	702	5	171
20181019	1188	702	5	171
20181020	1188	702	5	171
20181021	1188	702	5	171
20181022	1188	702	5	171
20181023	1188	702	5	171
20181024	1188	702	5	171
20181025	1188	702	5	171
20181026	1188	702	5	171
20181027	1188	704	5	171
20181028	1188	704	5	171
20181029	1188	704	5	171
20181030	1188	704	5	171
20181031	1188	704	5	171
20181101	1188	704	5	171
20181102	1188	704	5	171
20181103	1188	704	5	171
20181104	1188	704	5	171
20181105	1188	704	5	171
20181106	1188	704	5	171
20181107	1188	704	5	171
20181108	1188	704	5	171
20181109	1188	704	6	171
20181110	1188	703	5	171
20181111	1188	704	5	171
20181112	1187	704	5	170
20181113	1187	704	5	170
20181114	1185	704	5	170
20181115	1185	704	7	170
20181116	1185	704	7	170
20181117	1185	704	7	170
20181118	1185	704	7	170
20181119	1185	704	7	170
20181120	1186	705	8	169
20181121	1185	705	14	169
20181122	1185	705	14	169
20181123	1185	705	14	169
20181124	1187	707	12	169
20181125	1187	707	12	169
20181126	1187	707	12	169
20181127	1187	707	12	169
20181128	1187	707	12	169
20181129	1187	707	12	169
20181130	1182	705	12	168
20181201	1182	705	12	168
20181202	1182	705	12	168
20181203	1182	707	12	168
20181204	1182	709	12	168
20181205	1179	707	18	168
20181206	1179	707	18	168
20181207	1179	707	18	168
20181208	1182	707	15	168
20181209	1182	713	15	168
20181210	1182	713	15	168
20181211	1181	712	15	168
20181212	1177	708	15	168
20181213	1176	706	13	168
20181214	1176	711	13	168
20181215	1176	711	13	168
20181216	1176	711	13	168
20181217	1176	711	13	168
20181218	1175	711	13	168
20181219	1175	711	13	168
20181220	1173	709	13	167
20181221	1173	709	13	167
20181222	1173	708	12	166
20181223	1173	709	12	166
20181224	1173	709	12	166
20181225	1173	709	12	166
20181226	1173	709	12	166
20181227	1173	709	12	166
20181228	1173	709	12	166
20181229	1172	709	12	166
20181230	1162	700	12	165
20181231	1151	691	12	162
20190101	1150	59	12	162
20190102	1150	60	12	162
20190103	1150	60	12	162
20190104	1148	73	12	161
20190105	1148	73	12	161
20190106	1147	77	13	160
20190107	1147	371	13	160
20190108	1141	371	13	157
20190109	1139	370	13	157
20190110	1139	371	10	157
20190111	1139	383	10	157
20190112	1140	378	10	158
20190113	1139	378	10	158
20190114	1139	382	10	158
20190115	1139	382	10	158
20190116	1139	394	10	158
20190117	1139	394	10	158
20190118	1139	394	10	158
20190119	1140	394	9	158
20190120	1140	402	9	158
20190121	1140	402	9	158
20190122	1140	407	9	158
20190123	1140	407	9	158
20190124	1140	407	9	158
20190125	1140	408	9	158
20190126	1140	408	9	158
20190127	1139	407	13	157
20190128	1139	407	13	157
20190129	1139	408	13	157
20190130	1139	408	13	157
20190131	1139	408	13	157
20190201	1139	408	13	157
20190202	1140	417	12	157
20190203	1140	424	12	157
20190204	1141	437	11	157
20190205	1141	437	11	157
20190206	1141	437	11	157
20190207	1141	437	11	157
20190208	1141	438	11	157
20190209	1141	438	11	157
20190210	1141	438	11	157
20190211	1141	438	11	157
20190212	1141	438	11	157
20190213	1140	437	11	157
20190214	1140	437	11	157
20190215	1140	437	11	157
20190216	1139	447	11	157
20190217	1139	447	11	157
20190218	1139	464	11	157
20190219	1139	467	11	157
20190220	1139	467	11	157
20190221	1139	467	11	157
20190222	1139	470	11	157
20190223	1139	470	11	157
20190224	1138	470	11	157
20190225	1138	471	11	157
20190226	1138	474	11	157
20190227	1138	474	11	157
20190228	1134	477	11	157
20190301	1134	477	10	157
20190302	1134	477	10	157
20190303	1134	482	10	157
20190304	1134	482	10	157
20190305	1133	481	10	157
20190306	1133	481	14	157
20190307	1133	481	14	157
20190308	1133	482	17	157
20190309	1134	483	17	157
20190310	1134	483	17	157
20190311	1134	485	17	157
20190312	1134	485	17	157
20190313	1134	485	17	157
20190314	1134	490	17	157
20190315	1137	495	14	157
20190316	1137	495	14	157
20190317	1135	493	21	157
20190318	1137	493	23	157
20190319	1138	495	23	158
20190320	1138	498	23	158
20190321	1138	498	23	158
20190322	1138	501	23	158
20190323	1142	501	19	158
20190324	1143	501	19	158
20190325	1143	502	19	158
20190326	1143	502	19	158
20190327	1140	514	23	157
20190328	1140	523	23	157
20190329	1140	523	25	157
20190330	1142	523	23	157
20190331	1142	523	23	157
20190401	1142	541	23	157
20190402	1142	541	23	157
20190403	1142	541	23	157
20190404	1142	541	23	157
20190405	1144	541	21	157
20190406	1144	543	21	157
20190407	1144	548	21	157
20190408	1144	548	21	157
20190409	1144	548	21	157
20190410	1144	548	21	157
20190411	1144	548	21	157
20190412	1144	552	21	157
20190413	1145	553	20	157
20190414	1145	560	20	157
20190415	1145	560	20	157
20190416	1146	560	19	157
20190417	1146	560	19	157
20190418	1144	561	35	157
20190419	1146	561	33	157
20190420	1146	561	34	157
20190421	1146	563	34	157
20190422	1146	563	34	157
20190423	1146	563	34	157
20190424	1146	563	34	157
20190425	1146	563	34	157
20190426	1143	562	42	156
20190427	1148	563	37	156
20190428	1148	579	37	156
20190429	1148	579	37	156
20190430	1148	579	37	156
20190501	1148	579	37	156
20190502	1148	582	37	156
20190503	1148	583	48	156
20190503	1148	583	48	156
20190504	1153	583	43	156
20190505	1153	597	43	156
20190506	1153	598	43	156
20190507	1153	598	43	156
20190508	1153	598	43	156
20190509	1153	598	43	156
20190510	1152	597	43	156
20190511	1155	599	40	156
20190512	1155	606	40	156
20190513	1155	606	40	156
20190514	1155	607	39	156
20190515	1155	607	39	156
20190516	1155	607	39	156
20190517	1155	607	39	156
20190518	1155	607	39	156
20190519	1155	609	39	156
20190520	1155	609	34	156
20190521	1155	609	34	156
20190522	1155	609	34	156
20190523	1155	609	34	156
20190524	1155	609	37	156
20190525	1156	609	36	156
20190526	1156	610	36	156
20190527	1156	610	36	156
20190528	1156	610	36	156
20190529	1156	610	36	156
20190530	1156	610	36	156
20190531	1156	610	36	156
20190601	1159	610	33	156
20190602	1159	614	33	156
20190603	1159	614	38	156
20190604	1159	614	38	156
20190605	1159	614	38	156
20190606	1159	616	38	156
20190607	1150	612	51	156
20190608	1152	612	49	156
20190609	1152	620	49	156
20190610	1152	620	49	156
20190611	1152	620	49	156
20190612	1152	620	49	156
20190613	1152	620	49	156
20190614	1151	620	49	155
20190615	1154	624	46	155
20190616	1155	625	46	155
20190617	1155	625	46	155
20190618	1155	626	46	155
20190619	1155	626	46	155
20190620	1155	626	46	155
20190621	1155	626	46	155
20190622	1156	626	45	155
20190623	1154	628	50	155
20190624	1154	628	50	155
20190625	1154	628	50	155
20190626	1154	628	51	155
20190627	1154	628	51	155
20190628	1154	628	51	155
20190629	1156	631	49	155
20190630	1156	631	52	155
20190701	1156	631	52	155
20190702	1156	631	53	155
20190703	1156	631	53	155
20190704	1156	631	53	155
20190705	1156	631	53	155
20190706	1161	636	48	155
20190707	1161	636	48	155
20190708	1161	636	48	155
20190709	1161	636	48	155
20190710	1161	636	48	155
20190711	1162	637	47	155
20190712	1162	637	47	155
20190713	1163	637	46	155
20190714	1163	643	46	155
20190715	1159	641	46	154
20190716	1159	641	46	154
20190717	1154	640	45	153
20190718	1154	640	45	153
20190719	1154	640	45	153
20190720	1155	640	44	153
20190721	1155	647	44	153
20190722	1155	647	44	153
20190723	1155	647	44	153
20190724	1155	647	44	153
20190725	1155	647	44	153
20190726	1155	647	44	153
20190727	1156	647	42	153
20190728	1156	652	42	153
20190729	1156	652	42	153
20190730	1156	652	42	153
20190731	1156	652	42	153
20190801	1156	653	42	153
20190802	1154	652	42	152
20190803	1155	652	41	152
20190804	1155	653	41	152
20190805	1155	653	41	152
20190806	1155	653	41	152
20190807	1155	653	41	152
20190808	1155	653	41	152
20190809	1155	653	41	152
20190810	1155	653	41	152
20190811	1155	654	41	152
20190812	1155	654	41	152
20190813	1155	655	41	152
20190814	1153	654	40	151
20190815	1153	655	40	151
20190816	1153	656	40	151
20190817	1153	655	40	151
20190818	1153	659	40	151
20190819	1153	659	40	151
20190820	1153	659	40	151
20190821	1153	659	40	151
20190822	1153	659	40	151
20190823	1153	659	40	151
20190824	1153	659	40	151
20190825	1153	659	40	151
20190826	1153	660	40	151
20190827	1153	660	40	151
20190828	1153	660	40	151
20190829	1153	660	40	151
20190830	1153	660	40	151
20190831	1153	660	40	151
20190901	1153	661	40	151
20190902	1153	661	40	151
20190903	1153	661	40	151
20190904	1153	661	38	151
20190905	1153	661	38	151
20190906	1153	661	38	151
20190907	1154	661	37	151
20190908	1154	663	37	151
20190909	1154	663	37	151
20190910	1154	664	37	151
20190911	1151	662	39	151
20190912	1151	662	39	151
20190913	1149	665	39	150
20190914	1149	665	39	150
20190915	1149	665	39	150
20190916	1149	665	34	150
20190917	1149	665	34	150
20190918	1147	666	36	150
20190919	1147	666	36	150
20190920	1147	666	36	150
20190921	1149	666	34	150
20190922	1149	668	34	150
20190923	1149	668	34	150
20190924	1149	668	34	150
20190925	1149	668	34	150
20190926	1149	668	33	150
20190927	1149	668	33	150
20190928	1149	668	33	150
20190929	1150	672	33	150
20190930	1150	672	33	150
20191001	1150	672	33	150
20191002	1150	672	33	150
20191003	1150	672	33	150
20191004	1150	672	33	150
20191005	1150	672	33	150
20191006	1150	673	33	150
20191007	1150	673	33	150
20191008	1150	673	34	150
20191009	1150	675	34	150
20191010	1150	675	34	150
20191011	1149	676	37	150
20191012	1150	676	36	150
20191013	1150	677	36	150
20191014	1150	677	36	150
20191015	1150	678	36	150
20191016	1150	678	27	150
20191017	1150	678	27	150
20191018	1150	678	27	150
20191019	1151	678	26	150
20191020	1148	680	27	150
20191021	1148	680	27	150
20191022	1147	679	27	150
20191023	1147	679	27	150
20191024	1147	679	23	150
20191025	1144	677	25	150
20191026	1146	677	23	150
20191027	1146	683	23	150
20191028	1146	683	23	150
20191029	1146	685	23	150
20191030	1146	685	23	150
20191031	1146	685	23	150
20191101	1146	685	20	150
20191102	1149	685	17	150
20191103	1149	690	17	150
20191104	1149	690	17	150
20191105	1149	690	17	150
20191106	1149	690	17	150
20191107	1149	690	17	150
20191108	1149	691	17	150
20191109	1149	691	17	150
20191110	1144	688	20	150
20191111	1143	688	20	149
20191112	1143	689	20	149
20191113	1143	689	20	149
20191114	1143	689	20	149
20191115	1143	689	20	149
20191116	1143	689	20	149
20191117	1144	692	19	149
20191119	1144	692	19	149
20191120	1140	689	19	147
20191121	1140	689	19	147
20191122	1140	689	19	147
20191123	1140	689	19	147
20191124	1140	690	19	147
20191125	1140	690	19	147
20191126	1140	690	19	147
20191127	1140	690	19	147
20191128	1140	690	19	147
20191129	1140	690	19	147
20191130	1141	690	19	147
20191201	1141	692	19	147
20191202	1142	694	15	147
20191203	1142	694	15	147
20191204	1138	690	15	146
20191205	1137	689	16	146
