# ISO-Datum	Mitgl	Schatz	Quelle
20080122	11
20080405	13
20090427	27
20090514	31
20090609	42
20090615	46
20090618	50
20090622	63
20090623	65
20090624	67
20090627	74
20090703	81
20090707	90
20090714	100
20090727	117
20090816	154
20090825	172
20090827	184
20090906	208
20090915	235
20090919	251
20090924	267
20090927	287
20090929	301
20091004	321
20091005	323
20091105	333
20091122	333
20100119	338
20100719	339
20100808	238
20101028	343
20101222	342
20110112	339
20110201	340
20110401	342
20110402	342
