# ISO-Datum	Mitgl	Schatz	Quelle
20080122	148
20080405	160
20081206	186
20090428	233
20090509	262
20090611	393
20090618	455
20090622	583
20090623	640
20090624	669
20090625	707
20090627	751
20090711	1010
20090727	1117
20090729	1167
20090803	1221
20090807	1274
20090810	1307
20090813	1352
20090817	1412
20090819	1447
20090825	1508
20090831	1646
20090902	1711
20090917	1977
20090919	2002
20090927	2200
20091002	2363
20091013	2455
20091105	2495
20091116	2509
20091122	2509
20100114	2573
20100303	2622
20100415	2650
20100923	2727
20101028	2637
20110112	2661
20110208	2640
20110420	2681
