# ISO-Datum	Mitgl	Schatz	Quelle
20080122	72
20080125	75
20080405	99
20080406	101
20081207	120
20090112	140
20090512	140
20090514	143
20090525	147
20090608	156
20090611	156
20090613	166
20090618	193
20090626	193
20090628	228
20090710	324
20090806	390
20090808	436
20090820	470
20090827	486
20090902	531
20090916	595
20091006	701
20091028	732
20091105	737
20091112	746
20091122	746
20091125	748
20100122	765
20100223	778
20100224	781
20100325	800
20100630	833
20100707	845
20101027	866
20101110	872
20110112	892
20110323	899
20110427	909
