# ISO-Datum	Mitgl	stimmb	Quelle
20080109			https://wiki.piratenpartei.de/wiki/images/9/9c/Protokoll_2008_01_09.pdf
20080122	72
20080125	75
20080405	99
20080406	101
20081008			https://wiki.piratenpartei.de/HE:Vorstand/Protokolle/2008-10-08
20081207	120
20090112	140
20090512	140
20090514	143
20090525	147
20090608	156
20090611	156
20090613	166
20090618	193
20090626	193
20090628	228
20090710	324
20090806	390
20090808	436
20090820	470
20090827	486
20090902	531
20090916	595
20090923			https://wiki.piratenpartei.de/HE:Vorstand/Protokolle/2009-09-23
20091006	701
20091014			https://wiki.piratenpartei.de/HE:Vorstand/Protokolle/2009-10-14
20091028	732
20091028			https://wiki.piratenpartei.de/HE:Vorstand/Protokolle/2009-10-28
20091104	732		https://wiki.piratenpartei.de/HE:Vorstand/Protokolle/2009-11-04
20091111	740		https://wiki.piratenpartei.de/HE:Vorstand/Protokolle/2009-11-11
20091125	744		https://wiki.piratenpartei.de/HE:Vorstand/Protokolle/2009-11-25
20091209	751		https://wiki.piratenpartei.de/HE:Vorstand/Protokolle/2009-12-09
20091223	754		https://wiki.piratenpartei.de/HE:Vorstand/Protokolle/2009-12-23
20100113			https://wiki.piratenpartei.de/HE:Vorstand/Protokolle/2010-01-13
20100122	765
20100127	781		https://wiki.piratenpartei.de/HE:Vorstand/Protokolle/2010-01-27
20100210			https://wiki.piratenpartei.de/HE:Vorstand/Protokolle/2010-02-10
20100223	778
20100224	781		https://wiki.piratenpartei.de/HE:Vorstand/Protokolle/2010-02-24
20100310	781		https://wiki.piratenpartei.de/HE:Vorstand/Protokolle/2010-03-10
20100325	800
20100414	814		https://wiki.piratenpartei.de/HE:Vorstand/Protokolle/2010-04-14
20100512			https://wiki.piratenpartei.de/HE:Vorstand/Protokolle/2010-05-12
20100609			https://wiki.piratenpartei.de/HE:Vorstand/Protokolle/2010-06-09
20100630	833
20100630			https://wiki.piratenpartei.de/HE:Vorstand/Protokolle/2010-06-30
20100707	845
20100714	845		https://wiki.piratenpartei.de/HE:Vorstand/Protokolle/2010-07-14
20100728	845		https://wiki.piratenpartei.de/HE:Vorstand/Protokolle/2010-07-28
20100811			https://wiki.piratenpartei.de/HE:Vorstand/Protokolle/2010-08-11
20100825			https://wiki.piratenpartei.de/HE:Vorstand/Protokolle/2010-08-25
20100908			https://wiki.piratenpartei.de/HE:Vorstand/Protokolle/2010-09-08
20100922	847		https://wiki.piratenpartei.de/HE:Vorstand/Protokolle/2010-09-22
20101013	850		https://wiki.piratenpartei.de/HE:Vorstand/Protokolle/2010-10-13
20101027	866		https://wiki.piratenpartei.de/HE:Vorstand/Protokolle/2010-10-27
20101110	872		https://wiki.piratenpartei.de/HE:Vorstand/Protokolle/2010-11-10
20101124	879		https://wiki.piratenpartei.de/HE:Vorstand/Protokolle/2010-11-24
20101208	882		https://wiki.piratenpartei.de/HE:Vorstand/Protokolle/2010-12-08
20101222	882		https://wiki.piratenpartei.de/HE:Vorstand/Protokolle/2010-12-22
20110112	892		https://wiki.piratenpartei.de/HE:Vorstand/Protokolle/2011-01-12
20110126	892		https://wiki.piratenpartei.de/HE:Vorstand/Protokolle/2011-01-26
20110209	893		https://wiki.piratenpartei.de/HE:Vorstand/Protokolle/2011-02-09
20110223	889		https://wiki.piratenpartei.de/HE:Vorstand/Protokolle/2011-02-23
20110309	895		https://wiki.piratenpartei.de/HE:Vorstand/Protokolle/2011-03-09
20110323	899		https://wiki.piratenpartei.de/HE:Vorstand/Protokolle/2011-03-23
20110413			https://wiki.piratenpartei.de/HE:Vorstand/Protokolle/2011-04-13
20110427	909		https://wiki.piratenpartei.de/HE:Vorstand/Protokolle/2011-04-27
20110511	910		https://wiki.piratenpartei.de/HE:Vorstand/Protokolle/2011-05-11
20110525	910		https://wiki.piratenpartei.de/HE:Vorstand/Protokolle/2011-05-25#Themenblock_I:_Berichte
20110608			https://wiki.piratenpartei.de/HE:Vorstand/Protokolle/2011-06-08
20110622	912		https://wiki.piratenpartei.de/HE:Vorstand/Protokolle/2011-06-22#Themenblock_I:_Berichte
20110707	914		http://vorstand.piratenpartei.de/2011/07/11/protokoll-zur-vorstandssitzung-2011-07-07/#Aktuelle_Kennzahlen
20110711	917
20110713	917		https://wiki.piratenpartei.de/HE:Vorstand/Protokolle/2011-07-13#Themenblock_I:_Berichte
20110824			https://wiki.piratenpartei.de/HE:Vorstand/Protokolle/2011-08-24#Vorstand
20110915	916		http://vorstand.piratenpartei.de/2011/09/27/protokoll-zur-vorstandssitzung-2011-15-09/#Aktuelle_Kennzahlen
20110928	928		https://wiki.piratenpartei.de/HE:Vorstand/Protokolle/2011-09-28#Themenblock_I:_Berichte
20110929	929		http://vorstand.piratenpartei.de/2011/10/03/protokoll-zur-vorstandssitzung-2011-09-29/#Aktuelle_Kennzahlen
20111005	963		https://wiki.piratenpartei.de/HE:Vorstand/Protokolle/2011-10-05#Themenblock_I:_Berichte
20111012	985		https://wiki.piratenpartei.de/HE:Vorstand/Protokolle/2011-10-12#Vorstand
#20111013	984		http://vorstand.piratenpartei.de/2011/10/27/protokoll-zur-vorstandssitzung-2011-10-13/
20111019	1010		https://wiki.piratenpartei.de/HE:Vorstand/Protokolle/2011-10-19#Vorstand
20111031	1111
20111102	1139
20111202	1224
#20111204	1222		http://piratenpartei.wortgewalt.de/docs/bpt112/
20111228	1270		https://wiki.piratenpartei.de/HE:Vorstand/Protokolle/2011-12-28#Generalsekret.C3.A4r
20120111	1283		https://wiki.piratenpartei.de/HE:Vorstand/Protokolle/2012-01-11#Generalsekret.C3.A4r
20120125	1283		https://wiki.piratenpartei.de/HE:Vorstand/Protokolle/2012-01-25#Generalsekret.C3.A4r
20120208	1348		https://wiki.piratenpartei.de/HE:Vorstand/Protokolle/2012-02-08#Generalsekret.C3.A4r
20120222	1368		https://wiki.piratenpartei.de/HE:Vorstand/Protokolle/2012-02-22#Generalsekret.C3.A4r
20120328	1394		https://wiki.piratenpartei.de/HE:Vorstand/Protokolle/2012-03-28#Generalsekret.C3.A4r
20120425	1506		https://wiki.piratenpartei.de/HE:Vorstand/Protokolle/2012-04-25#Generalsekret.C3.A4r
20120426	1653
20120429	1656		https://wiki.piratenpartei.de/Bundesparteitag_2012.1#Akkreditierungsstatistik
20120501	1695
20120502	1705		https://wiki.piratenpartei.de/HE:Vorstand/Protokolle/2012-05-02#Generalsekret.C3.A4r
20120508	1898		https://wiki.piratenpartei.de/HE:Vorstand/Protokolle/2012-05-09#Generalsekret.C3.A4r
20120515	1950		https://wiki.piratenpartei.de/HE:Vorstand/Protokolle/2012-05-16#Generalsekret.C3.A4r
20120523	1835		https://wiki.piratenpartei.de/HE:Vorstand/Protokolle/2012-05-23#Generalsekret.C3.A4r
20120530	1920		https://wiki.piratenpartei.de/HE:Vorstand/Protokolle/2012-05-30#Generalsekret.C3.A4r
20120601	1931
20120613	1971		https://wiki.piratenpartei.de/HE:Vorstand/Protokolle/2012-06-13#Generalsekret.C3.A4r
20120708	2041
20120711	2030		https://wiki.piratenpartei.de/HE:Vorstand/Protokolle/2012-07-11#Generalsekret.C3.A4r
20120725	2039		https://wiki.piratenpartei.de/HE:Vorstand/Protokolle/2012-07-25#Generalsekret.C3.A4r
20120802	2044
20120808	2047		https://wiki.piratenpartei.de/HE:Vorstand/Protokolle/2012-08-08#Generalsekret.C3.A4r
20120822	2051		https://wiki.piratenpartei.de/HE:Vorstand/Protokolle/2012-08-22#Generalsekret.C3.A4r
20120912	2056		https://wiki.piratenpartei.de/HE:Vorstand/Protokolle/2012-09-12#Generalsekret.C3.A4r
20120926	2056		https://wiki.piratenpartei.de/HE:Vorstand/Protokolle/2012-09-26#Generalsekret.C3.A4r
20121010	2055		https://wiki.piratenpartei.de/HE:Vorstand/Protokolle/2012-10-10#Generalsekret.C3.A4r
20121017	2064		https://wiki.piratenpartei.de/HE:Vorstand/Protokolle/2012-10-17#Generalsekret.C3.A4r
20121024	2061		https://wiki.piratenpartei.de/HE:Vorstand/Protokolle/2012-10-24#Generalsekret.C3.A4r
20121027	2065	1888	http://www.machmaldieaugenauf.de/2012/10/27/vorbereitung-der-bpt-akkreditierung/
20121031	2064		https://wiki.piratenpartei.de/HE:Vorstand/Protokolle/2012-10-31#Generalsekret.C3.A4r
20121105	2057	1857	http://www.machmaldieaugenauf.de/2012/10/27/vorbereitung-der-bpt-akkreditierung/
20121107	2060		https://wiki.piratenpartei.de/HE:Vorstand/Protokolle/2012-11-07#Generalsekret.C3.A4r
20121111	2060	1927	http://www.machmaldieaugenauf.de/2012/10/27/vorbereitung-der-bpt-akkreditierung/
20121111	2061	1891
20121114	2059		https://wiki.piratenpartei.de/HE:Vorstand/Protokolle/2012-11-14#Generalsekret.C3.A4r
20121118	2060	1887	http://www.machmaldieaugenauf.de/2012/10/27/vorbereitung-der-bpt-akkreditierung/
20121121	2052		https://wiki.piratenpartei.de/HE:Vorstand/Protokolle/2012-11-21#Generalsekret.C3.A4r
20121125	2060	1892	http://www.machmaldieaugenauf.de/2012/11/22/infos-zur-akkreditierung-beim-piraten-bundesparteitag-2012-2-bpt122/
20121128	2041		https://wiki.piratenpartei.de/HE:Vorstand/Protokolle/2012-11-28#Generalsekret.C3.A4r
20121128	2060	1892	http://www.machmaldieaugenauf.de/2012/11/28/abschliesende-statistiken-bpt122/
20121203	2045	1875
20121205	2038		https://wiki.piratenpartei.de/HE:Vorstand/Protokolle/2012-12-05#Generalsekret.C3.A4r
#20121205	2060	1892
20121212	2040		https://wiki.piratenpartei.de/HE:Vorstand/Protokolle/2012-12-12#Generalsekret.C3.A4r
20121219	2053		https://wiki.piratenpartei.de/HE:Vorstand/Protokolle/2012-12-19#Generalsekret.C3.A4r
20130102	2025		https://wiki.piratenpartei.de/HE:Vorstand/Protokolle/2013-01-02#Generalsekret.C3.A4r
20130109	2023		https://wiki.piratenpartei.de/HE:Vorstand/Protokolle/2013-01-09#Generalsekret.C3.A4r
20130116	2007		https://wiki.piratenpartei.de/HE:Vorstand/Protokolle/2013-01-16#Generalsekret.C3.A4r
20130123	1989		https://wiki.piratenpartei.de/HE:Vorstand/Protokolle/2013-01-23#Generalsekret.C3.A4r
20130130	1980		https://wiki.piratenpartei.de/HE:Vorstand/Protokolle/2013-01-30#Generalsekret.C3.A4r
20130206	1976		https://wiki.piratenpartei.de/HE:Vorstand/Protokolle/2013-02-06#Generalsekret.C3.A4r
20130213	1972		https://wiki.piratenpartei.de/HE:Vorstand/Protokolle/2013-02-13#Generalsekret.C3.A4r
20130220	1973		https://wiki.piratenpartei.de/HE:Vorstand/Protokolle/2013-02-20#Generalsekret.C3.A4r
20130224	1973	578
20130227	1974		https://wiki.piratenpartei.de/HE:Vorstand/Protokolle/2013-02-27#Generalsekret.C3.A4r
20130306	1938		https://wiki.piratenpartei.de/HE:Vorstand/Protokolle/2013-03-06#Generalsekret.C3.A4r
20130313	1938		https://wiki.piratenpartei.de/HE:Vorstand/Protokolle/2013-03-13#Generalsekret.C3.A4r
20130317	1937	1032
20130320	1936		https://wiki.piratenpartei.de/HE:Vorstand/Protokolle/2013-03-20#Generalsekret.C3.A4r
20130327	1921		https://wiki.piratenpartei.de/HE:Vorstand/Protokolle/2013-03-27#Generalsekret.C3.A4r
20130410	1924		https://wiki.piratenpartei.de/HE:Vorstand/Protokolle/2013-04-10#Generalsekret.C3.A4r
20130422	1897	1024	http://www.machmaldieaugenauf.de/2013/04/22/vorbereitung-der-akkreditierung-zum-bpt-in-neumarkt/
20130423	1898		https://wiki.piratenpartei.de/HE:Vorstand/Protokolle/2013-04-24#Generalsekret.C3.A4r
20130428	1894	1024	http://www.machmaldieaugenauf.de/2013/04/22/vorbereitung-der-akkreditierung-zum-bpt-in-neumarkt/
20130505	1891	1299	http://www.machmaldieaugenauf.de/2013/04/22/vorbereitung-der-akkreditierung-zum-bpt-in-neumarkt/
20130505	1895	1337
20130512	1882	1327	http://www.machmaldieaugenauf.de/2013/05/08/infos-zur-akkreditierung-beim-piraten-bundesparteitag-2013-2-bpt131/
20130513	1882	1327	http://www.machmaldieaugenauf.de/2013/05/13/abschliesende-statistiken-bpt131/
20130522	1881		https://wiki.piratenpartei.de/HE:Vorstand/Protokolle/2013-05-22#Generalsekret.C3.A4r
20130604	1879		https://wiki.piratenpartei.de/HE:Vorstand/Protokolle/2013-06-05#Generalsekret.C3.A4r
20130619	1873		https://wiki.piratenpartei.de/HE:Vorstand/Protokolle/2013-06-19#Generalsekret.C3.A4r
20130703	1868		https://wiki.piratenpartei.de/HE:Vorstand/Protokolle/2013-07-03#Generalsekret.C3.A4r
20130710	1859	1508
20130717	1858		https://wiki.piratenpartei.de/HE:Vorstand/Protokolle/2013-07-17#Generalsekret.C3.A4r
20130731	1855		https://wiki.piratenpartei.de/HE:Vorstand/Protokolle/2013-07-31#Generalsekret.C3.A4r
20130814	1850		https://wiki.piratenpartei.de/HE:Vorstand/Protokolle/2013-08-14#Generalsekret.C3.A4r
20130828	1849		https://wiki.piratenpartei.de/HE:Vorstand/Protokolle/2013-08-28#Generalsekret.C3.A4r
20130911	1849		https://wiki.piratenpartei.de/HE:Vorstand/Protokolle/2013-09-11#Generalsekret.C3.A4r
20130911	1850	1528
20130925	1850		https://wiki.piratenpartei.de/HE:Vorstand/Protokolle/2013-09-25#Generalsekret.C3.A4r
20131009	1833		https://wiki.piratenpartei.de/HE:Vorstand/Protokolle/2013-10-09#Generalsekret.C3.A4r
20131023	1839		https://wiki.piratenpartei.de/HE:Vorstand/Protokolle/2013-10-23#Generalsekret.C3.A4r
20131026	1829	1501	http://www.machmaldieaugenauf.de/2013/10/26/vorbereitung-der-akkreditierung-zum-bpt-in-bremen/
20131106	1811		https://wiki.piratenpartei.de/HE:Vorstand/Protokolle/2013-11-06#Generalsekret.C3.A4r
20131118	1807	1497	http://www.machmaldieaugenauf.de/2013/10/26/vorbereitung-der-akkreditierung-zum-bpt-in-bremen/
20131120	1804		https://wiki.piratenpartei.de/HE:Vorstand/Protokolle/2013-11-20#Generalsekret.C3.A4r
20131123	1806	1495	http://www.machmaldieaugenauf.de/2013/10/26/vorbereitung-der-akkreditierung-zum-bpt-in-bremen/
20131201	1805	1506	http://www.machmaldieaugenauf.de/2013/12/02/abschliessende-statistiken-zum-bpt132/
20131204	1804		https://wiki.piratenpartei.de/HE:Vorstand/Protokolle/2013-12-04#Generalsekret.C3.A4r
20131218	1794		https://wiki.piratenpartei.de/HE:Vorstand/Protokolle/2013-12-18#Generalsekret.C3.A4r
#20140105	1748		http://blog.alexzinser.de/?p=90
20140105	1755	1088	http://www.machmaldieaugenauf.de/2014/02/10/abschliessende-akkreditierungsstatistiken-zum-bpt141-und-zur-av-eu/
20140108	1753		https://wiki.piratenpartei.de/HE:Vorstand/Protokolle/2014-01-08#Generalsekret.C3.A4r
20140121	1728	1105
20140122	1718		https://wiki.piratenpartei.de/HE:Vorstand/Protokolle/2014-01-22#Generalsekret.C3.A4r
20140205	1693	1153
20140205	1692		https://wiki.piratenpartei.de/HE:Vorstand/Protokolle/2014-02-05#Generalsekret.C3.A4r
20140219	1691		https://wiki.piratenpartei.de/HE:Vorstand/Protokolle/2014-02-19#Generalsekret.C3.A4r
20140305	1675		https://wiki.piratenpartei.de/HE:Vorstand/Protokolle/2014-03-05#Generalsekret.C3.A4r
20140310	1665	1163
20140319	1663	1176	https://wiki.piratenpartei.de/HE:Vorstand/Protokolle/2014-03-19#Generalsekret.C3.A4r
20140402	1645		https://wiki.piratenpartei.de/HE:Vorstand/Protokolle/2014-04-02#Generalsekret.C3.A4r
20140405	1630	1189
20140416	1623		https://wiki.piratenpartei.de/HE:Vorstand/Protokolle/2014-04-16#Generalsekret.C3.A4r
20140430	1609		https://wiki.piratenpartei.de/HE:Vorstand/Protokolle/2014-04-30#Generalsekret.C3.A4r
20140514	1594		https://wiki.piratenpartei.de/HE:Vorstand/Protokolle/2014-05-14#Generalsekret.C3.A4r
20140517	1594	1192
20140604	1594		https://wiki.piratenpartei.de/HE:Vorstand/Protokolle/2014-06-04#Generalsekret.C3.A4r
20140702	1568		https://wiki.piratenpartei.de/HE:Vorstand/Protokolle/2014-07-02#Generalsekret.C3.A4r
20140730	1551		https://wiki.piratenpartei.de/HE:Vorstand/Protokolle/2014-07-30#Generalsekret.C3.A4r
20140813	1521		https://wiki.piratenpartei.de/HE:Vorstand/Protokolle/2014-08-13#Generalsekret.C3.A4r
#20140827	1513		https://wiki.piratenpartei.de/HE:Vorstand/Protokolle/2014-08-27#Generalsekret.C3.A4r
20140828	1522		https://twitter.com/H3rmi/status/505047264071790592/photo/1
20140911	1502	1135	https://twitter.com/H3rmi/status/510137422357995520/photo/1
20140923	1503	1139
20140924	1477		https://wiki.piratenpartei.de/HE:Vorstand/Protokolle/2014-09-24#Generalsekret.C3.A4r
20140925	1475	1112	https://twitter.com/H3rmi/status/515199307776266240/photo/1
20141019	1475	1112
20141023	1450	1096	https://twitter.com/Bundes_GenSek/status/525300116002181120
20141106	1448	1091
20141119	1433		https://wiki.piratenpartei.de/HE:Vorstand/Protokolle/2014-11-19#Generalsekret.C3.A4r
20141217	1426		https://wiki.piratenpartei.de/HE:Vorstand/Protokolle/2014-12-17#Generalsekret.C3.A4r
20150128	1368	746
20150312	1350	716	http://vorstand.piratenpartei.de/2015/03/12/neues-aus-der-mitgliederverwaltung/
20150326	1324	704	http://vorstand.piratenpartei.de/2015/03/26/neues-aus-der-mitgliederverwaltung-2/
20150409	1324	706	http://vorstand.piratenpartei.de/2015/04/09/neues-aus-der-mitgliederverwaltung-3/
20150507	1324	708	http://vorstand.piratenpartei.de/2015/05/07/neues-aus-der-mitgliederverwaltung-4/#
#
# https://wiki.piratenpartei.de/HE:Vorstand/Protokolle
# https://wiki.piratenpartei.de/Kategorie:Protokoll_Landesverband_Hessen
20150608	1316	735	5	86	scraped from http://finanzen.piratenpartei.de/statistik.php
20150609	1314	733	5	86	scraped
20150610	1314	733	5	86	scraped
20150611	1314	733	5	86	scraped
20150612	1315	735	5	86	scraped
20150613	1315	739	5	86	scraped
20150614	1315	739	5	86	scraped
20150615	1315	739	5	86	scraped
20150616	1315	739	5	86	scraped
20150617	1315	739	5	86	scraped
20150618	1314	741	5	86	scraped
20150619	1314	741	5	86	scraped
20150620	1314	741	5	86	scraped
20150621	1314	744	5	86	scraped
20150622	1314	744	5	86	scraped
20150623	1314	744	5	86	scraped
20150624	1314	744	5	86	scraped
20150625	1313	743	8	86	scraped
20150626	1313	779	8	86	scraped
20150627	1313	789	8	86	scraped
20150628	1315	790	7	86	scraped
20150629	1315	795	7	86	scraped
20150630	1314	801	7	86	scraped
20150701	1314	801	7	86	scraped
20150702	1314	801	7	86	scraped
20150703	1315	802	7	86	scraped
20150704	1315	802	7	86	scraped
20150705	1318	802	7	86	scraped
20150706	1315	802	7	86	scraped
20150707	1315	804	7	86	scraped
20150708	1315	804	7	86	scraped
20150709	1318	807	4	86	scraped
20150710	1318	807	4	86	scraped
20150711	1318	807	4	86	scraped
20150712	1318	807	4	86	scraped
20150713	1318	807	4	86	scraped
20150714	1318	808	4	86	scraped
20150715	1318	808	4	86	scraped
20150716	1318	808	4	86	scraped
20150717	1318	809	4	86	scraped
20150718	1318	809	4	86	scraped
20150719	1318	809	4	86	scraped
20150720	1318	810	4	86	scraped
20150721	1313	806	4	86	scraped
20150722	1314	806	4	86	scraped
20150723	1314	806	4	86	scraped
20150724	1314	811	4	86	scraped
20150725	1314	811	4	86	scraped
20150726	1314	811	4	86	scraped
20150727	1314	811	4	86	scraped
20150728	1312	809	4	86	scraped
20150729	1311	809	4	86	scraped
20150730	1311	809	4	86	scraped
20150731	1311	809	4	86	scraped
20150801	1310	808	4	86	scraped
20150802	1310	808	4	86	scraped
20150803	1310	810	4	86	scraped
20150804	1310	810	4	86	scraped
20150805	1310	810	4	86	scraped
20150806	1310	810	4	86	scraped
20150807	1310	810	4	86	scraped
20150808	1310	810	4	86	scraped
20150809	1310	810	4	86	scraped
20150810	1309	809	4	86	scraped
20150811	1309	809	4	86	scraped
20150812	1309	809	4	86	scraped
20150813	1309	809	4	86	scraped
20150814	1309	809	4	86	scraped
20150815	1309	809	4	86	scraped
20150816	1309	809	4	86	scraped
20150817	1308	808	4	86	scraped
20150818	1308	808	4	86	scraped
20150819	1308	808	4	86	scraped
20150820	1308	809	4	86	scraped
20150821	1308	809	4	86	scraped
20150822	1308	809	4	86	scraped
20150823	1308	809	4	86	scraped
20150824	1308	809	4	86	scraped
20150825	1308	809	4	86	scraped
20150826	1308	809	4	86	scraped
20150827	1308	810	4	86	scraped
20150828	1308	810	4	86	scraped
20150829	1307	809	4	86	scraped
20150830	1307	809	4	86	scraped
20150831	1307	809	4	86	scraped
20150901	1307	809	4	86	scraped
20150902	1307	809	4	86	scraped
20150903	1307	809	4	86	scraped
20150904	1308	810	3	86	scraped
20150905	1308	810	3	86	scraped
20150906	1308	810	3	86	scraped
20150907	1308	810	3	86	scraped
20150908	1296	802	3	84	scraped
20150909	1296	803	3	84	scraped
20150910	1296	803	3	84	scraped
20150911	1296	803	3	84	scraped
20150912	1296	803	3	84	scraped
20150913	1297	802	3	84	scraped
20150914	1297	802	3	84	scraped
20150915	1298	803	3	84	scraped
20150916	1297	803	3	84	scraped
20150917	1297	803	3	84	scraped
20150918	1297	803	2	84	scraped
20150919	1297	803	2	84	scraped
20150920	1297	803	2	84	scraped
20150921	1297	803	2	84	scraped
20150922	1297	803	2	84	scraped
20150923	1297	803	2	84	scraped
20150924	1297	803	2	84	scraped
20150925	1297	803	2	84	scraped
20150926	1297	803	2	84	scraped
20150927	1297	803	2	84	scraped
20150928	1297	803	2	84	scraped
20150929	1297	803	2	84	scraped
20150930	1297	803	2	84	scraped
20151001	1297	803	2	84	scraped
20151002	1297	806	2	84	scraped
20151003	1297	807	2	84	scraped
20151004	1298	811	2	84	scraped
20151005	1297	811	2	84	scraped
20151006	1297	811	2	84	scraped
20151007	1297	811	2	84	scraped
20151008	1297	811	2	84	scraped
20151009	1297	811	2	84	scraped
20151010	1297	811	2	84	scraped
20151011	1297	811	2	84	scraped
20151012	1297	811	2	84	scraped
20151013	1297	811	2	84	scraped
20151014	1297	811	2	84	scraped
20151015	1297	811	2	84	scraped
20151016	1297	811	2	84	scraped
20151017	1297	811	2	84	scraped
20151018	1296	810	2	84	scraped
20151019	1296	811	2	84	scraped
20151020	1292	808	2	84	scraped
20151021	1289	805	2	84	scraped
20151022	1289	805	2	84	scraped
20151023	1288	804	2	84	scraped
20151024	1288	804	2	84	scraped
20151025	1289	805	2	84	scraped
20151026	1289	805	2	84	scraped
20151027	1289	805	2	84	scraped
20151028	1289	805	2	84	scraped
20151029	1289	805	2	84	scraped
20151030	1288	805	2	84	scraped
20151031	1288	805	2	84	scraped
20151101	1288	805	2	84	scraped
20151102	1288	805	2	84	scraped
20151103	1288	806	2	84	scraped
20151104	1288	806	2	84	scraped
20151105	1288	806	2	84	scraped
20151106	1288	806	2	84	scraped
20151107	1288	806	2	84	scraped
20151108	1288	806	2	84	scraped
20151109	1288	806	2	84	scraped
20151110	1288	806	2	84	scraped
20151111	1288	806	2	84	scraped
20151112	1287	805	2	84	scraped
20151113	1287	805	2	84	scraped
20151114	1287	805	2	84	scraped
20151115	1287	805	2	84	scraped
20151116	1287	805	2	84	scraped
20151117	1287	805	2	84	scraped
20151118	1275	795	5	83	scraped
20151119	1277	795	3	83	scraped
20151120	1277	797	3	83	scraped
20151121	1277	797	3	83	scraped
20151122	1277	797	3	83	scraped
20151123	1277	797	3	83	scraped
20151124	1277	797	3	83	scraped
20151125	1277	797	3	83	scraped
20151126	1277	797	3	83	scraped
20151127	1277	797	3	83	scraped
20151128	1277	797	3	83	scraped
20151129	1277	797	3	83	scraped
20151130	1277	797	3	83	scraped
20151201	1277	797	3	83	scraped
20151202	1277	797	3	83	scraped
20151203	1277	797	3	83	scraped
20151204	1277	797	3	83	scraped
20151205	1277	797	3	83	scraped
20151206	1278	797	3	83	scraped
20151207	1278	797	3	83	scraped
20151208	1276	798	3	83	scraped
20151209	1276	798	3	83	scraped
20151210	1276	798	3	83	scraped
20151211	1276	798	3	83	scraped
20151212	1276	799	3	83	scraped
20151213	1275	798	3	83	scraped
20151214	1275	798	3	83	scraped
20151215	1275	798	3	83	scraped
20151216	1270	795	6	82	scraped
20151217	1270	795	6	82	scraped
20151218	1266	791	5	82	scraped
20151219	1266	791	3	82	scraped
20151220	1266	791	3	82	scraped
20151221	1266	791	3	82	scraped
20151222	1266	791	3	82	scraped
20151223	1266	791	1	82	scraped
20151224	1266	791	1	82	scraped
20151225	1266	791	1	82	scraped
20151226	1266	791	1	82	scraped
20151227	1266	791	1	82	scraped
20151228	1255	780	1	82	scraped
20151229	1255	780	1	82	scraped
20151230	1255	780	1	82	scraped
20151231	1239	767	1	82	scraped
20160101	1236	3	1	82	scraped
20160102	1236	618	1	82	scraped
20160103	1236	618	1	82	scraped
20160104	1236	617	1	82	scraped
20160105	1236	617	1	82	scraped
20160106	1236	617	1	82	scraped
20160107	1236	617	1	82	scraped
20160108	1236	617	1	82	scraped
20160109	1236	614	1	82	scraped
20160110	1236	614	1	82	scraped
20160111	1234	615	2	81	scraped
20160112	1234	611	2	81	scraped
20160113	1234	609	2	81	scraped
20160114	1234	600	2	81	scraped
20160115	1234	600	2	81	scraped
20160116	1234	600	2	81	scraped
20160117	1234	597	2	81	scraped
20160118	1234	597	2	81	scraped
20160119	1234	597	2	81	scraped
20160120	1234	597	2	81	scraped
20160121	1234	598	2	81	scraped
20160122	1234	599	2	81	scraped
20160123	1234	598	2	81	scraped
20160124	1233	599	2	81	scraped
20160125	1233	599	2	81	scraped
20160126	1233	599	2	81	scraped
20160127	1233	599	2	81	scraped
20160128	1233	599	2	81
20160129	1233	599	2	81
20160130	1233	599	2	81
20160131	1233	599	2	81
20160201	1233	601	2	81
20160202	1233	601	2	81
20160203	1233	601	2	81
20160204	1234	601	1	81
20160205	1234	601	1	81
20160206	1234	604	1	81
20160207	1234	603	1	81
20160208	1226	599	1	81
20160209	1225	598	1	81
20160210	1224	597	1	81
20160211	1224	597	1	81
20160212	1224	599	1	81
20160213	1223	599	2	81
20160214	1224	600	2	81
20160215	1226	601	2	81
20160216	1226	601	2	81
20160217	1227	621	2	81
20160218	1228	623	1	81
20160219	1228	623	1	81
20160220	1228	623	1	81
20160221	1228	624	1	81
20160222	1228	624	1	81
20160223	1228	624	1	81
20160224	1228	636	1	81
20160225	1228	636	1	81
20160226	1228	636	1	81
20160227	1228	636	1	81
20160228	1228	636	1	81
20160229	1228	637	1	81
20160301	1228	637	1	81
20160302	1228	637	1	81
20160303	1228	638	1	81
20160304	1228	639	1	81
20160305	1228	639	1	81
20160306	1227	638	1	81
20160307	1227	638	1	81
20160308	1227	638	1	81
20160309	1227	638	1	81
20160310	1227	638	1	81
20160311	1227	638	1	81
20160312	1227	638	1	81
20160313	1227	638	1	81
20160314	1227	638	1	81
20160315	1225	638	1	81
20160316	1223	637	1	81
20160317	1221	636	1	81
20160318	1221	636	1	81
20160319	1221	636	1	81
20160320	1221	636	1	81
20160321	1221	636	1	81
20160322	1221	636	1	81
20160323	1221	636	1	81
20160324	1220	635	1	81
20160325	1219	634	1	81
20160326	1219	634	1	81
20160327	1219	634	1	81
20160328	1218	634	1	81
20160329	1218	634	1	81
20160330	1218	634	1	81
20160331	1218	634	1	81
20160401	1217	633	2	81
20160402	1217	633	2	81
20160403	1217	633	2	81
20160404	1216	632	2	81
20160405	1216	635	2	81
20160406	1216	635	2	81
20160407	1216	635	2	81
20160408	1216	635	2	81
20160409	1217	635	1	81
20160410	1219	635	1	81
20160411	1219	635	1	81
20160412	1219	636	1	81
20160413	1208	628	3	80
20160414	1208	628	3	80
20160415	1208	628	3	80
20160416	1208	628	3	80
20160417	1208	628	3	80
20160418	1208	628	3	80
20160419	1208	628	3	80
20160420	1208	628	3	80
20160421	1209	633	2	80
20160422	1209	633	2	80
20160423	1209	633	2	80
20160424	1209	633	2	80
20160425	1208	633	2	87
20160426	1208	633	2	87
20160427	1208	633	2	87
20160428	1208	633	2	87
20160429	1208	633	6	87
20160430	1208	633	6	87
20160501	1208	633	7	87
20160502	1208	633	7	87
20160503	1209	634	6	87
20160504	1209	634	6	87
20160505	1210	634	5	87
20160506	1210	635	5	87
20160507	1210	636	5	87
20160508	1210	636	5	87
20160509	1210	636	5	87
20160510	1210	636	5	87
20160511	1210	636	5	87
20160512	1210	636	5	87
20160513	1211	637	4	87
20160514	1211	637	4	87
20160515	1211	637	4	87
20160516	1211	637	4	87
20160517	1211	637	4	87
20160518	1211	637	4	87
20160519	1211	637	4	87
20160520	1211	637	4	87
20160521	1209	635	4	87
20160522	1209	635	4	87
20160523	1209	635	4	87
20160524	1209	633	4	87
20160525	1209	633	4	87
20160526	1209	633	4	87
20160527	1209	633	4	87
20160528	1209	633	4	87
20160529	1209	633	4	87
20160530	1209	633	4	87
20160531	1209	633	4	87
20160601	1209	634	4	87
20160602	1209	634	4	87
20160603	1209	635	4	87
20160604	1209	635	4	87
20160605	1209	635	4	87
20160606	1209	635	4	87
20160607	1209	635	4	87
20160608	1209	635	4	87
20160609	1209	635	4	87
20160610	1209	635	4	87
20160611	1209	635	4	87
20160612	1209	635	4	87
20160613	1209	635	4	87
20160614	1209	635	4	87
20160615	1208	634	4	87
20160616	1208	634	4	87
20160617	1208	634	4	87
20160618	1208	634	4	87
20160619	1207	634	4	87
20160620	1207	634	4	87
20160621	1207	634	4	87
20160622	1207	634	4	87
20160623	1206	634	4	86
20160624	1206	634	4	86
20160625	1206	634	4	86
20160626	1206	634	4	86
20160627	1206	634	4	86
20160628	1206	634	4	86
20160629	1206	634	4	86
20160630	1206	634	4	86
20160701	1206	634	4	86
20160702	1206	634	4	86
20160703	1206	634	4	86
20160704	1206	634	4	86
20160705	1206	634	4	86
20160706	1206	634	4	86
20160707	1206	634	4	86
20160708	1206	634	4	86
20160709	1206	634	4	86
20160710	1206	634	4	86
20160711	1206	634	3	86
20160712	1206	634	3	86
20160713	1206	634	3	86
20160714	1206	635	3	86
20160715	1206	635	3	86
20160716	1206	635	3	86
20160717	1206	635	3	86
20160718	1206	635	3	86
20160719	1206	635	3	86
20160720	1200	631	3	86
20160721	1200	631	3	86
20160722	1200	631	3	86
20160723	1200	631	3	86
20160724	1200	631	3	86
20160725	1199	630	3	86
20160726	1199	631	3	86
20160727	1199	631	3	86
20160728	1199	631	3	86
20160729	1199	631	3	86
20160730	1199	631	3	86
20160731	1199	631	3	86
20160801	1199	631	3	86
20160802	1199	638	3	86
20160803	1199	638	3	86
20160804	1199	638	3	86
20160805	1194	635	3	86
20160806	1193	634	3	86
20160807	1193	634	3	86
20160808	1193	634	3	86
20160809	1193	634	3	86
20160810	1193	634	3	86
20160811	1193	634	3	86
20160812	1192	634	3	86
20160813	1192	634	3	86
20160814	1192	634	3	86
20160815	1192	634	3	86
20160816	1192	634	3	86
20160817	1192	634	3	86
20160818	1192	635	3	86
20160819	1192	636	3	86
20160820	1192	636	3	86
20160821	1192	636	3	86
20160822	1192	636	3	86
20160823	1192	636	3	86
20160824	1190	635	4	86
20160825	1190	635	4	86
20160826	1190	635	4	86
20160827	1190	635	4	86
20160828	1190	635	4	86
20160829	1190	635	4	86
20160830	1190	636	4	86
20160831	1190	636	4	86
20160901	1190	636	4	86
20160902	1190	636	4	86
20160903	1190	636	4	86
20160904	1190	636	4	86
20160905	1190	636	4	86
20160906	1190	636	4	86
20160907	1190	636	4	86
20160908	1190	636	4	86
20160909	1190	636	4	86
20160910	1190	636	4	86
20160911	1186	633	4	85
20160912	1186	633	4	85
20160913	1184	631	4	84
20160914	1184	631	4	84
20160915	1184	631	4	84
20160916	1184	631	4	84
20160917	1184	631	4	84
20160918	1184	631	4	84
20160919	1183	631	4	84
20160920	1183	631	4	84
20160921	1183	631	4	84
20160922	1182	630	4	84
20160923	1182	630	4	84
20160924	1182	630	4	84
20160925	1182	630	4	84
20160926	1178	627	4	84
20160927	1178	627	4	84
20160928	1178	627	4	84
20160929	1178	627	4	84
20160930	1178	627	4	84
20161001	1178	627	4	84
20161002	1178	627	4	84
20161003	1178	627	4	84
20161004	1168	628	4	84
20161005	1166	627	6	84
20161006	1166	627	6	84
20161007	1148	623	6	84
20161008	1148	624	6	84
20161009	1149	624	5	84
20161010	1149	624	5	84
20161011	1149	640	5	84
20161012	1149	640	4	84
20161013	1149	640	4	84
20161014	1149	640	4	84
20161015	1149	640	4	84
20161016	1149	640	4	84
20161017	1149	642	4	84
20161018	1149	642	4	84
20161019	1146	641	4	84
20161020	1146	641	6	84
20161021	1144	641	7	84
20161022	1144	641	7	84
20161023	1144	641	7	84
20161024	1144	641	7	84
20161025	1144	641	7	84
20161026	1139	637	7	84
20161027	1139	637	7	84
20161028	1139	637	7	84
20161029	1139	637	7	84
20161030	1134	633	7	83
20161031	1132	632	5	83
20161101	1132	633	4	83
20161102	1132	633	4	83
20161103	1132	633	4	83
20161104	1132	633	4	83
20161105	1132	633	4	83
20161106	1132	635	4	83
20161107	1131	636	4	83
20161108	1131	636	4	83
20161109	1131	636	4	83
20161110	1131	637	4	83
20161111	1131	637	4	83
20161112	1133	637	2	83
20161113	1133	640	2	83
20161114	1133	640	2	83
20161115	1133	640	2	83
20161116	1133	640	2	83
20161117	1133	640	2	83
20161118	1132	639	2	83
20161119	1132	639	2	83
20161120	1132	639	2	83
20161121	1132	640	2	83
20161122	1132	640	2	83
20161123	1130	639	2	83
20161124	1130	639	2	83
20161125	1130	639	2	83
20161126	1130	639	2	83
20161127	1130	639	2	83
20161128	1130	639	2	83
20161129	1128	638	2	83
20161130	1127	639	2	83
20161201	1117	635	2	83
20161202	1117	635	2	83
20161203	1117	635	2	83
20161204	1117	635	2	83
20161205	1114	633	1	82
20161206	1109	628	1	82
20161207	1109	628	1	82
20161208	1109	628	1	82
20161209	1109	629	1	82
20161210	1109	629	1	82
20161211	1109	630	1	82
20161212	1109	631	1	82
20161213	1109	631	1	82
20161214	1109	631	1	82
20161215	1109	631	1	82
20161216	1109	631	1	82
20161217	1106	631	1	82
20161218	1106	632	1	82
20161219	1106	633	1	82
20161220	1106	633	1	82
20161221	1106	633	1	82
20161222	1106	633	1	82
20161223	1105	632	1	81
20161224	1105	632	1	81
20161225	1105	636	1	81
20161226	1105	636	1	81
20161227	1105	636	1	81
20161228	1105	636	1	81
20161229	1105	636	1	81
20161230	1090	623	1	79
20161231	1076	612	1	77
20170101	1075	1	1	77
20170102	1075	3	1	77
20170103	1075	3	1	77
20170104	1075	3	1	77
20170105	1075	3	1	77
20170106	1075	3	1	77
20170107	1075	3	1	77
20170108	1075	3	1	77
20170109	1075	3	1	77
20170110	1075	3	1	77
20170111	1075	3	1	77
20170112	1075	504	1	77
20170113	1075	483	1	77
20170114	1075	483	1	77
20170115	1075	483	1	77
20170116	1075	486	1	77
20170117	1075	486	1	77
20170118	1075	486	1	77
20170119	1075	486	1	77
20170120	1074	486	1	77
20170121	1074	486	1	77
20170122	1074	486	1	77
20170123	1074	471	1	77
20170124	1074	471	1	77
20170125	1070	470	2	77
20170126	1071	470	2	77
20170127	1071	470	2	77
20170128	1071	470	2	77
20170129	1071	470	2	77
20170130	1071	470	2	77
20170131	1071	470	2	77
20170201	1071	470	2	77
20170202	1071	470	2	77
20170203	1071	473	2	77
20170204	1072	473	1	77
20170205	1072	473	1	77
20170206	1072	473	1	77
20170207	1072	473	1	77
20170208	1072	473	1	77
20170209	1072	473	1	77
20170210	1072	473	2	77
20170211	1072	475	2	77
20170212	1071	475	2	77
20170213	1071	478	2	77
20170214	1070	478	2	77
20170215	1070	478	2	77
20170216	1070	478	2	77
20170217	1070	479	2	77
20170218	1070	479	2	77
20170219	1070	479	2	77
20170220	1070	479	2	77
20170221	1070	479	2	77
20170222	1070	479	3	77
20170223	1070	479	3	77
20170224	1068	479	3	77
20170225	1068	479	3	77
20170226	1066	478	4	77
20170227	1066	478	4	77
20170228	1066	479	4	77
20170301	1066	479	4	77
20170302	1068	478	3	77
20170303	1068	478	3	77
20170304	1068	478	3	77
20170305	1068	478	3	77
20170306	1068	478	3	77
20170307	1068	478	3	77
20170308	1068	478	3	77
20170309	1068	480	3	77
20170310	1068	480	3	77
20170311	1068	480	3	77
20170312	1068	480	3	77
20170313	1068	480	3	77
20170314	1068	480	3	77
20170315	1068	482	3	77
20170316	1068	482	3	77
20170317	1068	482	3	77
20170318	1068	482	3	77
20170319	1068	482	3	77
20170320	1068	482	3	77
20170321	1068	482	3	77
20170322	1068	482	3	77
20170323	1069	482	3	77
20170324	1069	482	3	77
20170325	1069	502	3	77
20170326	1069	502	3	77
20170327	1069	502	3	77
20170328	1069	502	3	77
20170329	1069	502	3	77
20170330	1069	503	3	77
20170331	1069	503	3	77
20170401	1069	503	3	77
20170402	1069	503	3	77
20170403	1069	503	3	77
20170404	1069	503	3	77
20170405	1069	503	3	77
20170406	1069	503	3	77
20170407	1069	510	3	77
20170408	1069	510	3	77
20170409	1069	510	3	77
20170410	1069	510	3	77
20170411	1069	511	3	77
20170412	1069	511	3	77
20170413	1069	511	3	77
20170414	1069	511	3	77
20170415	1069	511	3	77
20170416	1069	511	3	77
20170417	1069	511	3	77
20170418	1069	511	3	77
20170419	1069	511	3	77
20170420	1069	511	3	77
20170421	1069	511	3	77
20170422	1069	511	3	77
20170423	1069	511	3	77
20170424	1069	511	3	77
20170425	1069	511	3	77
20170426	1069	512	3	77
20170427	1069	512	3	77
20170428	1069	512	3	77
20170429	1069	512	3	77
20170430	1069	513	3	77
20170501	1069	513	3	77
20170502	1069	513	3	77
20170503	1069	513	3	77
20170504	1069	513	3	77
20170505	1069	513	3	77
20170506	1069	513	3	77
20170507	1069	513	3	77
20170508	1069	513	3	77
20170509	1069	513	3	77
20170510	1069	513	3	77
20170511	1069	513	3	77
20170512	1069	513	3	77
20170513	1069	513	3	77
20170514	1069	513	3	77
20170515	1069	513	3	77
20170516	1069	513	3	77
20170517	1069	513	3	77
20170518	1069	513	3	77
20170519	1065	512	3	77
20170520	1065	512	3	77
20170521	1065	512	3	77
20170522	1065	512	3	77
20170523	1065	512	3	77
20170524	1065	512	3	77
20170525	1065	512	3	77
20170526	1065	512	3	77
20170527	1042	500	3	76
20170528	1042	500	3	76
20170529	1042	501	3	76
20170530	1042	501	3	76
20170531	1042	502	3	76
20170601	1042	502	3	76
20170602	1042	502	3	76
20170603	1042	502	3	76
20170604	1042	509	3	76
20170605	1042	509	3	76
20170606	1042	509	3	76
20170607	1042	509	3	76
20170608	1042	519	3	76
20170609	1042	519	3	76
20170610	1042	523	3	76
20170611	1042	523	3	76
20170612	1040	523	4	76
20170613	1040	523	4	76
20170614	1023	518	4	76
20170615	1023	518	4	76
20170616	1019	514	4	76
20170617	1019	514	4	76
20170618	1019	514	3	76
20170619	1019	514	3	76
20170620	1019	514	3	76
20170621	1019	514	3	76
20170622	1019	516	3	76
20170623	1019	516	3	76
20170624	1019	516	3	76
20170625	1019	516	3	76
20170626	1019	516	3	76
20170627	1019	516	3	76
20170628	1007	514	4	76
20170629	1007	514	4	76
20170630	1007	514	4	76
20170701	1007	514	4	76
20170702	1007	514	4	76
20170703	1007	514	4	76
20170704	1007	514	4	76
20170705	1007	515	4	76
20170706	1007	515	4	76
20170707	1007	515	4	76
20170708	1007	515	4	76
20170709	1007	515	4	76
20170710	1007	515	4	76
20170711	1007	515	4	76
20170712	1007	515	4	76
20170713	1007	515	4	76
20170714	1007	515	4	76
20170715	1007	515	4	76
20170716	1007	515	4	76
20170717	1007	515	4	76
20170718	1007	515	4	76
20170719	1007	515	4	76
20170720	1007	515	4	76
20170721	1007	515	4	76
20170722	1007	515	4	76
20170723	1007	515	4	76
20170724	1007	515	4	76
20170725	1007	516	4	76
20170726	1007	516	4	76
20170727	1007	516	4	76
20170728	1007	516	4	76
20170729	1007	516	4	76
20170730	1007	516	4	76
20170731	1007	517	4	76
20170801	1007	517	4	76
20170802	1007	517	4	76
20170803	1007	517	4	76
20170804	1007	517	4	76
20170805	1007	517	4	76
20170806	1007	517	4	76
20170807	1007	517	4	76
20170808	1007	517	4	76
20170809	1007	517	4	76
20170810	1007	517	3	76
20170811	1007	517	3	76
20170812	1008	517	2	76
20170813	1008	517	2	76
20170814	1008	517	2	76
20170815	1008	517	2	76
20170816	1008	518	2	76
20170817	1008	518	2	76
20170818	1008	518	2	76
20170819	1008	518	2	76
20170820	1008	518	2	76
20170821	1008	518	2	76
20170822	1008	518	2	76
20170823	1008	519	1	76
20170824	1008	519	1	76
20170825	1007	518	1	76
20170826	1007	518	1	76
20170827	996	516	2	76
20170828	996	516	2	76
20170829	996	516	2	76
20170830	996	516	2	76
20170831	996	516	2	76
20170901	996	516	2	76
20170902	996	516	2	76
20170903	996	516	2	76
20170904	997	517	1	76
20170905	997	517	1	76
20170906	997	517	1	76
20170907	997	517	1	76
20170908	997	517	1	76
20170909	997	517	1	76
20170910	997	517	1	76
20170911	997	517	1	76
20170912	997	517	1	76
20170913	997	517	1	76
20170914	996	517	1	76
20170915	996	517	1	76
20170916	996	517	1	76
20170917	996	517	1	76
20170918	996	518	1	76
20170919	996	518	1	76
20170920	996	518	1	76
20170921	996	518	1	76
20170922	996	518	1	76
20170923	996	519	1	76
20170924	996	519	1	76
20170925	996	519	1	76
20170926	996	519	1	76
20170927	996	519	1	76
20170928	996	519	1	76
20170929	996	519	1	76
20170930	996	519	2	76
20171001	996	519	2	76
20171002	996	519	2	76
20171003	995	518	2	76
20171004	995	518	2	76
20171005	995	518	2	76
20171006	995	518	2	76
20171007	995	518	2	76
20171008	995	518	2	76
20171009	995	518	2	76
20171010	995	518	2	76
20171011	995	518	2	76
20171012	995	518	2	76
20171013	995	518	2	76
20171014	995	518	2	76
20171015	995	518	2	76
20171016	995	518	2	76
20171017	995	518	2	76
20171018	995	518	2	76
20171019	999	523	5	76
20171020	999	523	5	76
20171021	1000	529	4	76
20171022	1000	530	4	76
20171023	1000	530	4	76
20171024	997	529	4	76
20171025	997	529	4	76
20171026	997	529	4	76
20171027	997	529	4	76
20171028	997	529	4	76
20171029	997	529	4	76
20171030	997	529	4	76
20171031	997	529	4	76
20171101	997	529	4	76
20171102	997	529	4	76
20171103	997	529	4	76
20171104	997	529	4	76
20171105	998	529	3	76
20171106	998	530	5	76
20171107	998	530	5	76
20171108	998	530	5	76
20171109	998	530	5	76
20171110	998	530	6	76
20171111	998	530	6	76
20171112	998	530	6	76
20171113	999	530	5	76
20171114	1000	532	5	76
20171115	999	531	5	76
20171116	999	531	5	76
20171117	999	532	5	76
20171118	999	532	5	76
20171119	999	532	5	76
20171120	999	532	5	76
20171121	999	532	5	76
20171122	999	532	5	76
20171123	999	532	5	76
20171124	997	532	5	76
20171125	997	532	5	76
20171126	997	532	5	76
20171127	997	532	5	76
20171128	997	532	5	76
20171129	997	534	5	76
20171130	997	534	5	76
20171201	997	534	5	76
20171202	997	534	5	76
20171203	991	528	5	76
20171204	991	528	5	76
20171205	991	528	5	76
20171206	991	528	5	76
20171207	991	528	5	76
20171208	991	528	5	76
20171209	991	528	5	76
20171210	991	528	5	76
20171211	991	528	6	76
20171212	991	528	6	76
20171213	991	528	6	76
20171214	991	528	6	76
20171215	990	527	7	76
20171216	991	527	6	76
20171217	991	527	6	76
20171218	992	528	6	76
20171219	992	528	6	76
20171220	988	526	6	76
20171221	970	512	6	72
20171222	965	511	6	72
20171223	960	508	6	72
20171224	960	508	6	72
20171225	960	508	6	72
20171226	960	508	6	72
20171227	960	508	6	72
20171228	960	508	6	72
20171229	954	503	8	72
20171230	954	503	8	72
20171231	947	499	8	70
20180102	945	3	8	70
20180103	945	3	8	70
20180104	946	385	8	70
20180105	947	385	7	70
20180106	947	386	7	70
20180107	947	386	7	70
20180108	947	386	7	70
20180109	947	386	7	70
20180110	947	386	7	70
20180111	947	386	7	70
20180112	947	383	7	70
20180113	947	383	7	70
20180114	947	384	7	70
20180115	947	384	7	70
20180116	947	378	7	70
20180117	945	379	9	70
20180118	944	378	9	70
20180119	944	378	9	70
20180120	944	378	9	70
20180121	944	392	9	70
20180122	945	395	9	70
20180123	945	395	9	70
20180124	946	395	8	70
20180125	946	397	8	70
20180126	946	398	8	70
20180127	946	398	8	70
20180128	946	398	8	70
20180129	945	406	8	69
20180130	945	406	8	69
20180131	945	407	8	69
20180201	945	407	8	69
20180202	945	407	8	69
20180203	945	407	8	69
20180204	946	408	8	69
20180205	946	409	8	69
20180206	946	413	8	69
20180207	946	413	8	69
20180208	945	413	8	69
20180209	945	413	8	69
20180210	939	415	8	69
20180211	939	415	8	69
20180212	939	415	8	69
20180213	939	415	8	69
20180214	939	415	8	69
20180215	939	417	8	69
20180216	939	417	8	69
20180217	939	417	8	69
20180218	939	417	8	69
20180219	939	417	8	69
20180220	939	418	8	69
20180221	939	418	8	69
20180222	939	418	8	69
20180223	939	418	8	69
20180224	939	418	8	69
20180225	939	418	8	69
20180226	939	418	8	69
20180227	939	418	8	69
20180228	937	416	8	69
20180301	937	416	8	69
20180302	939	416	7	69
20180303	937	416	7	69
20180304	937	416	7	69
20180305	937	417	7	69
20180306	937	417	7	69
20180307	937	417	7	69
20180308	937	417	7	69
20180309	938	417	7	70
20180310	939	417	6	70
20180311	938	418	6	70
20180312	938	419	6	70
20180313	938	419	6	70
20180314	938	419	6	70
20180315	938	419	6	70
20180316	938	419	6	70
20180317	938	419	6	70
20180318	938	420	6	70
20180319	938	419	6	70
20180320	938	419	6	70
20180321	938	419	6	70
20180322	938	419	6	70
20180323	938	419	6	70
20180324	939	419	6	70
20180325	940	419	6	70
20180326	940	419	6	70
20180327	940	419	6	70
20180328	940	419	6	70
20180329	940	419	6	70
20180330	940	419	6	70
20180331	940	419	6	70
20180401	940	419	6	70
20180402	940	419	6	70
20180403	890	420	6	69
20180404	889	420	6	69
20180405	889	420	6	69
20180406	889	420	6	69
20180407	889	420	6	69
20180408	889	420	6	69
20180409	889	420	6	69
20180410	889	420	6	69
20180411	889	420	6	69
20180412	889	420	6	69
20180413	889	420	5	69
20180414	889	420	5	69
20180415	889	420	5	69
20180416	889	420	5	69
20180417	889	420	5	69
20180418	889	420	5	69
20180419	889	420	5	69
20180420	890	420	5	69
20180421	890	420	5	69
20180422	890	420	5	69
20180423	890	421	5	69
20180424	890	421	5	69
20180425	890	421	5	69
20180426	890	421	5	69
20180427	890	421	5	69
20180428	890	421	5	69
20180429	890	421	5	69
20180430	890	421	5	69
20180501	890	421	5	69
20180502	890	421	5	69
20180503	890	421	5	69
20180504	890	421	5	69
20180505	890	421	5	69
20180506	890	421	5	69
20180507	890	421	5	69
20180508	890	421	5	69
20180509	890	421	5	69
20180510	890	421	4	69
20180511	890	421	4	69
20180512	890	421	4	69
20180513	890	421	4	69
20180514	890	421	4	69
20180515	890	421	4	69
20180516	890	422	4	69
20180517	890	422	4	69
20180518	890	422	4	69
20180519	890	422	4	69
20180520	890	422	4	69
20180521	890	422	4	69
20180522	890	422	4	69
20180523	890	422	4	69
20180524	890	422	4	69
20180525	889	422	4	69
20180526	889	422	4	69
20180527	889	422	4	69
20180528	889	422	4	69
20180529	889	422	4	69
20180530	889	422	4	69
20180531	889	422	4	69
20180601	889	422	4	69
20180602	889	424	4	69
20180603	889	424	4	69
20180604	889	424	4	69
20180605	889	424	4	69
20180606	889	432	4	69
20180607	889	433	4	69
20180608	881	433	5	69
20180609	881	433	4	69
20180610	881	433	4	69
20180611	881	433	4	69
20180612	882	434	4	69
20180613	881	435	3	69
20180614	878	433	4	69
20180615	878	433	4	69
20180616	878	433	4	69
20180617	878	433	4	69
20180618	878	433	4	69
20180619	878	433	4	69
20180620	878	433	4	69
20180621	878	433	4	69
20180622	878	433	4	69
20180623	880	433	2	69
20180624	880	435	1	69
20180625	880	435	1	69
20180626	880	435	1	69
20180627	880	435	1	69
20180628	880	435	1	69
20180629	880	435	1	69
20180630	880	435	1	69
20180701	880	435	1	69
20180702	880	435	1	69
20180703	880	435	1	69
20180704	880	435	1	69
20180705	879	434	1	69
20180706	879	434	1	69
20180707	879	434	1	69
20180708	879	434	1	69
20180709	879	434	1	69
20180710	879	434	1	69
20180711	879	434	1	69
20180712	879	434	1	69
20180713	880	435	1	69
20180714	880	435	1	69
20180715	880	435	1	69
20180716	880	435	1	69
20180717	880	435	1	69
20180718	880	435	0	69
20180719	880	435	0	69
20180720	880	435	0	69
20180721	880	435	0	69
20180722	880	435	0	69
20180723	880	435	0	69
20180724	880	435	0	69
20180725	880	435	0	69
20180726	880	435	0	69
20180727	880	435	0	69
20180728	880	435	0	69
20180729	880	435	0	69
20180730	880	435	0	69
20180731	880	435	0	69
20180801	880	435	2	69
20180802	880	435	2	69
20180803	880	435	2	69
20180804	880	435	2	69
20180805	880	435	2	69
20180806	880	435	2	69
20180807	880	435	2	69
20180808	880	435	2	69
20180809	880	435	2	69
20180810	880	435	2	69
20180811	880	435	2	69
20180812	881	436	1	69
20180813	881	436	1	69
20180814	881	436	1	69
20180815	881	436	1	69
20180816	881	436	1	69
20180817	881	436	1	69
20180818	881	436	1	69
20180819	881	436	1	69
20180820	881	436	1	69
20180821	881	436	1	69
20180822	881	436	1	69
20180823	881	436	1	69
20180824	881	436	1	69
20180825	881	436	1	69
20180826	877	434	1	69
20180827	877	434	1	69
20180828	877	434	1	69
20180829	877	434	1	69
20180830	877	434	1	69
20180831	877	434	1	69
20180901	875	432	1	69
20180902	872	429	1	69
20180903	872	429	1	69
20180904	872	429	1	69
20180905	872	429	1	69
20180906	871	428	1	69
20180907	871	428	1	69
20180908	871	428	1	69
20180909	871	428	1	69
20180910	871	428	1	69
20180911	871	428	1	69
20180912	871	428	1	69
20180913	871	428	1	69
20180914	871	428	1	69
20180915	871	428	1	69
20180916	871	428	1	69
20180917	871	428	1	69
20180918	871	428	1	69
20180919	871	428	1	69
20180920	871	428	1	69
20180921	871	428	1	69
20180922	871	429	1	69
20180923	871	429	1	69
20180924	869	429	2	69
20180925	869	429	2	69
20180926	867	428	2	69
20180927	867	428	2	69
20180928	867	428	2	69
20180929	867	428	2	69
20180930	867	428	2	69
20181001	867	428	2	69
20181002	867	428	2	69
20181003	867	428	2	69
20181004	867	428	2	69
20181005	867	428	2	69
20181006	867	428	2	69
20181007	867	428	2	69
20181008	867	428	2	69
20181009	867	428	2	69
20181010	867	428	2	69
20181011	867	428	2	69
20181012	867	429	2	69
20181013	866	429	2	69
20181014	866	429	2	69
20181015	866	429	2	69
20181016	865	428	4	69
20181017	865	428	4	69
20181018	865	428	4	69
20181019	865	428	4	69
20181020	865	428	4	69
20181021	866	428	3	69
20181022	866	429	3	69
20181023	866	429	3	69
20181024	866	429	3	69
20181025	866	429	3	69
20181026	866	429	3	69
20181027	865	428	3	69
20181028	864	428	4	69
20181029	864	428	5	69
20181030	864	428	5	69
20181031	863	427	4	69
20181101	861	426	4	68
20181102	861	426	4	68
20181103	861	426	4	68
20181104	861	426	4	68
20181105	861	426	4	68
20181106	861	426	4	68
20181107	861	426	4	68
20181108	861	426	4	68
20181109	859	427	4	67
20181110	856	425	6	67
20181111	856	425	6	67
20181112	856	425	6	67
20181113	855	424	6	67
20181114	855	424	6	67
20181115	853	423	6	67
20181116	853	423	6	67
20181117	853	423	8	67
20181118	853	423	8	67
20181119	853	423	9	67
20181120	853	423	8	67
20181121	852	422	8	67
20181122	852	422	8	67
20181123	852	422	8	67
20181124	853	423	7	67
20181125	853	423	7	67
20181126	853	423	7	67
20181127	853	423	7	67
20181128	853	423	7	67
20181129	853	423	7	67
20181130	853	423	7	67
20181201	853	423	7	67
20181202	853	423	7	67
20181203	854	424	6	67
20181204	854	424	6	67
20181205	854	424	6	67
20181206	854	424	6	67
20181207	853	423	6	66
20181208	850	421	6	66
20181209	850	423	6	66
20181210	850	423	6	66
20181211	847	421	6	66
20181212	847	421	6	66
20181213	847	421	6	66
20181214	847	422	6	66
20181215	847	422	6	66
20181216	847	422	6	66
20181217	846	422	6	66
20181218	846	422	6	66
20181219	845	422	6	66
20181220	845	424	6	66
20181221	845	424	6	66
20181222	845	424	6	66
20181223	845	425	6	66
20181224	845	425	6	66
20181225	845	425	6	66
20181226	845	425	6	66
20181227	845	425	6	66
20181228	844	425	6	65
20181229	844	425	6	65
20181230	842	423	6	63
20181231	834	418	6	61
20190101	832	13	6	61
20190102	832	14	6	61
20190103	832	14	6	61
20190104	832	19	6	61
20190105	832	19	6	61
20190106	832	19	6	61
20190107	831	363	6	61
20190108	828	362	6	61
20190109	828	362	6	61
20190110	828	362	6	61
20190111	828	365	6	61
20190112	826	361	6	59
20190113	825	360	6	59
20190114	823	357	6	59
20190115	823	357	6	59
20190116	823	357	6	59
20190117	823	357	6	59
20190118	823	357	6	59
20190119	823	357	6	59
20190120	823	358	6	59
20190121	823	358	6	59
20190122	823	359	6	59
20190123	821	358	7	58
20190124	821	358	7	58
20190125	820	357	7	58
20190126	819	355	6	58
20190127	819	355	6	58
20190128	819	355	6	58
20190129	819	355	6	58
20190130	819	355	5	58
20190131	819	355	5	58
20190201	819	355	5	58
20190202	817	356	4	58
