# ISO-Datum	Mitgl	stimmb	Quelle
20070708	13		https://wiki.piratenpartei.de/Landesverband_Niedersachsen/Protokoll_der_Gr%C3%BCndungsversammlung
20080122	68
20080405	70
20080406	69
20080418	74		http://www.piratenpartei-niedersachsen.de/fileadmin/user_upload/nds-redaktion/2008-protokolle.zip
20081207	91
20081228	93
20090101	94
20090108	95
20090124	95
20090131	96
20090202	95
20090215	94
20090303	96
20090402	99
20090408	100
20090417	101
20090419	102
20090420	103
20090422	104
20090424	106
20090425	108
20090428	109
20090430	110
20090501	112
20090505	117
20090507	118
20090508	119
20090509	125
20090511	129
20090512	130
20090515	135
20090519	136
20090521	139
20090528	142
20090607	150
20090609	155
20090610	155		http://www.piratenpartei-niedersachsen.de/fileadmin/user_upload/nds-redaktion/2009-protokolle.zip
20090615	167
20090617	186
20090619	186
20090621	189
20090624	203		http://www.piratenpartei-niedersachsen.de/fileadmin/user_upload/nds-redaktion/2009-protokolle.zip
20090625	217
20090626	229
20090627	230
20090628	233
20090701	264
20090703	269
20090706	274
20090717	324
20090718	348
20090727	368
20090728	380
20090810	411
20090813	412
20090817	465
20090824	475
20090826	485		http://www.piratenpartei-niedersachsen.de/fileadmin/user_upload/nds-redaktion/2009-protokolle.zip
20090830	510
20090909	534		http://www.piratenpartei-niedersachsen.de/fileadmin/user_upload/nds-redaktion/2009-protokolle.zip
20090917	602
20090923	603		http://www.piratenpartei-niedersachsen.de/fileadmin/user_upload/nds-redaktion/2009-protokolle.zip
20090926	621
20090927	637
20090930	683
20091002	762
20091003	771
20091004	867
20091005	868
20091014	890		http://www.piratenpartei-niedersachsen.de/fileadmin/user_upload/nds-redaktion/2009-protokolle.zip
20091018	921
20091024	944
20091029	915
20091106	923
20091112	932
20091113	933
20091117	943
20091118	943		http://www.piratenpartei-niedersachsen.de/fileadmin/user_upload/nds-redaktion/2009-protokolle.zip
20091119	944
20091122	944
20091123	946
20091125	946		http://www.piratenpartei-niedersachsen.de/fileadmin/user_upload/nds-redaktion/2009-protokolle.zip
20091128	948
20091202	948		http://www.piratenpartei-niedersachsen.de/fileadmin/user_upload/nds-redaktion/2009-protokolle.zip
20091206	956
20091209	957		http://www.piratenpartei-niedersachsen.de/fileadmin/user_upload/nds-redaktion/2009-protokolle.zip
20091216	961		http://www.piratenpartei-niedersachsen.de/fileadmin/user_upload/nds-redaktion/2009-protokolle.zip
20091217	962
20091223	962		http://www.piratenpartei-niedersachsen.de/fileadmin/user_upload/nds-redaktion/2009-protokolle.zip
20091230	962		http://www.piratenpartei-niedersachsen.de/fileadmin/user_upload/nds-redaktion/2009-protokolle.zip
20100101	963
20100112	969
20100113	969		http://www.piratenpartei-niedersachsen.de/fileadmin/user_upload/nds-redaktion/2010-protokolle.zip
20100117	970
20100118	971
20100120	971		http://www.piratenpartei-niedersachsen.de/fileadmin/user_upload/nds-redaktion/2010-protokolle.zip
20100127	972		http://www.piratenpartei-niedersachsen.de/fileadmin/user_upload/nds-redaktion/2010-protokolle.zip
20100128	975
20100203	975		http://www.piratenpartei-niedersachsen.de/fileadmin/user_upload/nds-redaktion/2010-protokolle.zip
20100207	975
20100210	975		http://www.piratenpartei-niedersachsen.de/fileadmin/user_upload/nds-redaktion/2010-protokolle.zip
20100211	977
20100213	974
20100217	974		http://www.piratenpartei-niedersachsen.de/fileadmin/user_upload/nds-redaktion/2010-protokolle.zip
20100224	975		http://www.piratenpartei-niedersachsen.de/fileadmin/user_upload/nds-redaktion/2010-protokolle.zip
20100225	975
20100226	972
20100303	972		http://www.piratenpartei-niedersachsen.de/fileadmin/user_upload/nds-redaktion/2010-protokolle.zip
20100306	971
20100310	971		http://www.piratenpartei-niedersachsen.de/fileadmin/user_upload/nds-redaktion/2010-protokolle.zip
20100315	985
20100324	985		http://www.piratenpartei-niedersachsen.de/fileadmin/user_upload/nds-redaktion/2010-protokolle.zip
20100326	983
20100331	983		http://www.piratenpartei-niedersachsen.de/fileadmin/user_upload/nds-redaktion/2010-protokolle.zip
20100404	989
20100407	990		http://www.piratenpartei-niedersachsen.de/fileadmin/user_upload/nds-redaktion/2010-protokolle.zip
20100414	990		http://www.piratenpartei-niedersachsen.de/fileadmin/user_upload/nds-redaktion/2010-protokolle.zip
20100421	987		http://www.piratenpartei-niedersachsen.de/fileadmin/user_upload/nds-redaktion/2010-protokolle.zip
20100428	988		http://www.piratenpartei-niedersachsen.de/fileadmin/user_upload/nds-redaktion/2010-protokolle.zip
20100502	987
20100505	987		http://www.piratenpartei-niedersachsen.de/fileadmin/user_upload/nds-redaktion/2010-protokolle.zip
20100512	987		http://www.piratenpartei-niedersachsen.de/fileadmin/user_upload/nds-redaktion/2010-protokolle.zip
20100523	989
20100525	990
20100526	990		http://www.piratenpartei-niedersachsen.de/fileadmin/user_upload/nds-redaktion/2010-protokolle.zip
20100602	990		http://www.piratenpartei-niedersachsen.de/fileadmin/user_upload/nds-redaktion/2010-protokolle.zip
20100607	991
20100609	992		http://www.piratenpartei-niedersachsen.de/fileadmin/user_upload/nds-redaktion/2010-protokolle.zip
20100616	993
20100624	997
20100630	997		http://www.piratenpartei-niedersachsen.de/fileadmin/user_upload/nds-redaktion/2010-protokolle.zip
20100707	997		http://www.piratenpartei-niedersachsen.de/fileadmin/user_upload/nds-redaktion/2010-protokolle.zip
20100713	998
20100714	999		http://www.piratenpartei-niedersachsen.de/fileadmin/user_upload/nds-redaktion/2010-protokolle.zip
20100721	1001		http://www.piratenpartei-niedersachsen.de/fileadmin/user_upload/nds-redaktion/2010-protokolle.zip
20100725	1002
20100727	1003
20100728	1003		http://www.piratenpartei-niedersachsen.de/fileadmin/user_upload/nds-redaktion/2010-protokolle.zip
20100811	1004
20100812	1004
20100814	1003
20100815	1004
20100821	1008
20100822	1010
20100825	1012		http://www.piratenpartei-niedersachsen.de/fileadmin/user_upload/nds-redaktion/2010-protokolle.zip
20100830	1013
20100908	1013		http://www.piratenpartei-niedersachsen.de/fileadmin/user_upload/nds-redaktion/2010-protokolle.zip
20100915	1013		http://www.piratenpartei-niedersachsen.de/fileadmin/user_upload/nds-redaktion/2010-protokolle.zip
20100922	1011		http://www.piratenpartei-niedersachsen.de/fileadmin/user_upload/nds-redaktion/2010-protokolle.zip
20101003	1014
20101006	1013		http://www.piratenpartei-niedersachsen.de/fileadmin/user_upload/nds-redaktion/2010-protokolle.zip
20101013	1014		http://www.piratenpartei-niedersachsen.de/fileadmin/user_upload/nds-redaktion/2010-protokolle.zip
20101017	1016
20101020	1016		http://www.piratenpartei-niedersachsen.de/fileadmin/user_upload/nds-redaktion/2010-protokolle.zip
20101027	1016		http://www.piratenpartei-niedersachsen.de/fileadmin/user_upload/nds-redaktion/2010-protokolle.zip
20101103	1019		http://www.piratenpartei-niedersachsen.de/fileadmin/user_upload/nds-redaktion/2010-protokolle.zip
20101114	1019
20101124	1020		http://www.piratenpartei-niedersachsen.de/fileadmin/user_upload/nds-redaktion/2010-protokolle.zip
20101201	1018		http://www.piratenpartei-niedersachsen.de/fileadmin/user_upload/nds-redaktion/2010-protokolle.zip
20101208	1023		http://www.piratenpartei-niedersachsen.de/fileadmin/user_upload/nds-redaktion/2010-protokolle.zip
20101215	1023		http://www.piratenpartei-niedersachsen.de/fileadmin/user_upload/nds-redaktion/2010-protokolle.zip
20101222	1023		http://www.piratenpartei-niedersachsen.de/fileadmin/user_upload/nds-redaktion/2010-protokolle.zip
20101229	1021		http://www.piratenpartei-niedersachsen.de/fileadmin/user_upload/nds-redaktion/2010-protokolle.zip
20110105	1021		http://www.piratenpartei-niedersachsen.de/ueber-uns/landesvorstand/vorstand-treffen/protokoll-05.01.2011.html
20110112	1016		http://www.piratenpartei-niedersachsen.de/ueber-uns/landesvorstand/vorstand-treffen/protokoll-12.01.2011.html
20110119	1016		http://www.piratenpartei-niedersachsen.de/ueber-uns/landesvorstand/vorstand-treffen/protokoll-19.01.2011.html
20110123	1015
20110124	1013
20110126	1011		http://www.piratenpartei-niedersachsen.de/ueber-uns/landesvorstand/vorstand-treffen/protokoll-26.01.2011.html
20110202			http://www.piratenpartei-niedersachsen.de/ueber-uns/landesvorstand/vorstand-treffen/protokoll-02.02.2011.html
20110209	1012		http://www.piratenpartei-niedersachsen.de/ueber-uns/landesvorstand/vorstand-treffen/protokoll-09.02.2011.html
20110216	1012		http://www.piratenpartei-niedersachsen.de/ueber-uns/landesvorstand/vorstand-treffen/protokoll-16.02.2011.html
20110217	1008
20110220	1009
20110302	1012		http://www.piratenpartei-niedersachsen.de/ueber-uns/landesvorstand/vorstand-treffen/protokoll-02.03.2011.html
20110309	1005		http://www.piratenpartei-niedersachsen.de/ueber-uns/landesvorstand/vorstand-treffen/protokoll-09.03.2011.html
20110316	1008		http://www.piratenpartei-niedersachsen.de/ueber-uns/landesvorstand/vorstand-treffen/protokoll-16.03.2011.html
20110323	1008		http://www.piratenpartei-niedersachsen.de/ueber-uns/landesvorstand/vorstand-treffen/protokoll-23.03.2011.html
20110330	1008		http://www.piratenpartei-niedersachsen.de/ueber-uns/landesvorstand/vorstand-treffen/protokoll-30.03.2011.html
20110406	1007		http://www.piratenpartei-niedersachsen.de/ueber-uns/landesvorstand/vorstand-treffen/protokoll-06.04.2011.html
20110413	1007		http://www.piratenpartei-niedersachsen.de/ueber-uns/landesvorstand/vorstand-treffen/protokoll-13.04.2011.html
20110420	1014		http://www.piratenpartei-niedersachsen.de/ueber-uns/landesvorstand/vorstand-treffen/protokoll-20.04.2011.html
20110427	1013		http://www.piratenpartei-niedersachsen.de/ueber-uns/landesvorstand/vorstand-treffen/protokoll-27.04.2011.html
20110504	1008		http://www.piratenpartei-niedersachsen.de/ueber-uns/landesvorstand/vorstand-treffen/protokoll-04.05.2011.html
20110511	1002		http://www.piratenpartei-niedersachsen.de/ueber-uns/landesvorstand/vorstand-treffen/protokoll-11.05.2011.html
20110518	1002		http://www.piratenpartei-niedersachsen.de/ueber-uns/landesvorstand/vorstand-treffen/protokoll-18.05.2011.html
20110525			http://www.piratenpartei-niedersachsen.de/ueber-uns/landesvorstand/vorstand-treffen/protokoll-25.05.2011.html
20110601	1009		http://www.piratenpartei-niedersachsen.de/ueber-uns/landesvorstand/vorstand-treffen/protokoll-01.06.2011.html
20110605	1010
20110608	1010		http://www.piratenpartei-niedersachsen.de/ueber-uns/landesvorstand/vorstand-treffen/protokoll-08.06.2011.html
20110615	1012		http://www.piratenpartei-niedersachsen.de/ueber-uns/landesvorstand/vorstand-treffen/protokoll-15.06.2011.html
20110622	1011		http://www.piratenpartei-niedersachsen.de/ueber-uns/landesvorstand/vorstand-treffen/protokoll-22.06.2011.html
20110629	1011		http://www.piratenpartei-niedersachsen.de/ueber-uns/landesvorstand/vorstand-treffen/protokoll-29.06.2011.html
20110706			http://www.piratenpartei-niedersachsen.de/ueber-uns/landesvorstand/vorstand-treffen/protokoll-06.07.2011.html
20110707	1007		http://vorstand.piratenpartei.de/2011/07/11/protokoll-zur-vorstandssitzung-2011-07-07/#Aktuelle_Kennzahlen
20110713	1015		http://www.piratenpartei-niedersachsen.de/ueber-uns/landesvorstand/vorstand-treffen/protokoll-13.07.2011.html
20110720			http://www.piratenpartei-niedersachsen.de/ueber-uns/landesvorstand/vorstand-treffen/protokoll-20.07.2011.html
20110727	1015		http://www.piratenpartei-niedersachsen.de/ueber-uns/landesvorstand/vorstand-treffen/protokoll-27.07.2011.html
20110803	1021		http://www.piratenpartei-niedersachsen.de/ueber-uns/landesvorstand/vorstand-treffen/protokoll-03.08.2011.html
20110810	1020		http://www.piratenpartei-niedersachsen.de/ueber-uns/landesvorstand/vorstand-treffen/protokoll-10.08.2011.html
20110817	1021		http://www.piratenpartei-niedersachsen.de/ueber-uns/landesvorstand/vorstand-treffen/protokoll-17.08.2011.html
20110907	1031		http://www.piratenpartei-niedersachsen.de/ueber-uns/landesvorstand/vorstand-treffen/protokoll-07.09.2011.html
#20110915	1017		http://vorstand.piratenpartei.de/2011/09/27/protokoll-zur-vorstandssitzung-2011-15-09/#Aktuelle_Kennzahlen
20110918	1042
20110925	1103
20110928	1135		http://www.piratenpartei-niedersachsen.de/ueber-uns/landesvorstand/vorstand-treffen/protokoll-28.09.2011.html
#20110929	1098		http://vorstand.piratenpartei.de/2011/10/03/protokoll-zur-vorstandssitzung-2011-09-29/#Aktuelle_Kennzahlen
20111003	1156
20111004	1168
20111005	1181		http://www.piratenpartei-niedersachsen.de/ueber-uns/landesvorstand/vorstand-treffen/protokoll-05.10.2011.html
20111010	1228
20111012	1282		http://www.piratenpartei-niedersachsen.de/ueber-uns/landesvorstand/vorstand-treffen/protokoll-12.10.2011.html
#20111013	1277		http://vorstand.piratenpartei.de/2011/10/27/protokoll-zur-vorstandssitzung-2011-10-13/
20111014	1305
20111015	1321
20111019	1347		http://www.piratenpartei-niedersachsen.de/ueber-uns/landesvorstand/vorstand-treffen/protokoll-19.10.2011.html
20111026	1375		http://www.piratenpartei-niedersachsen.de/ueber-uns/landesvorstand/vorstand-treffen/protokoll-26.10.2011.html
#20111027	1368
20111102	1378		https://wiki.piratenpartei.de/NDS:Vorstand/2011-11-02#TOP_5_Berichte
20111109	1389		https://wiki.piratenpartei.de/NDS:Vorstand/2011-11-09#TOP_4_In_Bearbeitung_-_keine_.C3.84nderung
20111116	1424		https://wiki.piratenpartei.de/NDS:Vorstand/2011-11-16#TOP_5_Berichte
20111120	1478
20111123	1484		https://wiki.piratenpartei.de/NDS:Vorstand/2011-11-23#TOP_4_Berichte
20111125	1488
20111204	1498		http://piratenpartei.wortgewalt.de/docs/bpt112/
20111207	1498		https://wiki.piratenpartei.de/NDS:Vorstand/2011-12-07#TOP_4_Berichte
20111214	1532		https://wiki.piratenpartei.de/NDS:Vorstand/2011-12-14#TOP_4_Berichte
20111225	1571
20111231	1582
20120104	1549		https://wiki.piratenpartei.de/NDS:Vorstand/2012-01-04#TOP_4_Berichte
20120111	1596		https://wiki.piratenpartei.de/NDS:Vorstand/2012-01-11#TOP_4_Berichte
20120201	1677		https://wiki.piratenpartei.de/NDS:Vorstand/2012-02-01#TOP_4_Berichte
# 20120222	+98 +45	https://wiki.piratenpartei.de/NDS:Vorstand/2012-02-22#TOP_5_Berichte
20120229	1828		https://wiki.piratenpartei.de/NDS:Vorstand/2012-02-29#TOP_5_Berichte
20120307	1836
20120308	1850
20120327	1971
20120328	2020		https://wiki.piratenpartei.de/NDS:Vorstand/2012-03-28#TOP_5_Berichte
20120330	2046
20120331	2077
20120401	2091
20120407	2161
20120408	2178
20120411	2300		https://wiki.piratenpartei.de/NDS:Vorstand/2012-04-11#TOP_5_Berichte
20120416	2345
20120429	2461		https://wiki.piratenpartei.de/Bundesparteitag_2012.1#Akkreditierungsstatistik
20120503	2550
20120504	2628
20120510	2695
20120523	2700		https://wiki.piratenpartei.de/NDS:Vorstand/2012-05-23#TOP_6_Berichte
20120528	2776
20120611	2998		https://wiki.piratenpartei.de/NDS:Vorstand/2012-06-27#TOP_6_Berichte
20120613	3000		https://wiki.piratenpartei.de/NDS:Vorstand/2012-06-13#TOP_6_Berichte
20120711	3000		https://wiki.piratenpartei.de/NDS:Vorstand/2012-07-11#TOP_6_Berichte
#20120728	2927
20120728	2890
20120808	2863		https://wiki.piratenpartei.de/NDS:Vorstand/2012-08-08#TOP_6_Berichte
20120822	2863		https://wiki.piratenpartei.de/NDS:Vorstand/2012-08-22#TOP_6_Berichte
20120905	2871
20120911	2871		https://wiki.piratenpartei.de/NDS:Vorstand/2012-09-22#TOP_3_Berichte
20120912	2863		https://wiki.piratenpartei.de/NDS:Vorstand/2012-09-12#TOP_5_Berichte
20120915	2866		https://wiki.piratenpartei.de/NDS:Vorstand/2012-10-10#TOP_5_Berichte
20120926	2863		https://wiki.piratenpartei.de/NDS:Vorstand/2012-09-26#TOP_6_Berichte
20121003	2860	1578
20121027	2909	2	http://www.machmaldieaugenauf.de/2012/10/27/vorbereitung-der-bpt-akkreditierung/
20121105	2912	6	http://www.machmaldieaugenauf.de/2012/10/27/vorbereitung-der-bpt-akkreditierung/
20121111	2912	871	http://www.machmaldieaugenauf.de/2012/10/27/vorbereitung-der-bpt-akkreditierung/
20121114	2886		https://wiki.piratenpartei.de/NDS:Vorstand/2012-11-14#TOP_4_Berichte
20121118	2912	1394	http://www.machmaldieaugenauf.de/2012/10/27/vorbereitung-der-bpt-akkreditierung/
20121125	2904	1453	http://www.machmaldieaugenauf.de/2012/11/22/infos-zur-akkreditierung-beim-piraten-bundesparteitag-2012-2-bpt122/
20121128	2904	1454	http://www.machmaldieaugenauf.de/2012/11/28/abschliesende-statistiken-bpt122/
20121219	2843		https://wiki.piratenpartei.de/NDS:Vorstand/2012-12-19#TOP_4_Berichte
20121223	2897
20130204	2832		https://wiki.piratenpartei.de/NDS:Vorstand/2013-02-06#TOP_3_Berichte
20130206	2832	0	http://niedersachsen.piratenpad.de/NDS-Vorstand-2013-02-06
20130213	2842		https://wiki.piratenpartei.de/NDS:Vorstand/2013-02-13#TOP_3_Berichte
20130216	2847	2
20130220	2850		https://wiki.piratenpartei.de/NDS:Vorstand/2013-02-20#TOP_3_Berichte
20130224	2849	869
20130227	2840		https://wiki.piratenpartei.de/NDS:Vorstand/2013-02-27#TOP_3_Berichte
#20130422	2742	869
20130422	2742	3	http://www.machmaldieaugenauf.de/2013/04/22/vorbereitung-der-akkreditierung-zum-bpt-in-neumarkt/
20130428	2739	5	http://www.machmaldieaugenauf.de/2013/04/22/vorbereitung-der-akkreditierung-zum-bpt-in-neumarkt/
20130501	2742	835
20130505	2731	6	http://www.machmaldieaugenauf.de/2013/04/22/vorbereitung-der-akkreditierung-zum-bpt-in-neumarkt/
20130506	2740	844	https://wiki.piratenpartei.de/NDS:Vorstand/2013-05-22#TOP_3_Berichte
20130508	2740	846	https://wiki.piratenpartei.de/NDS:Vorstand/2013-05-08#TOP_3_Berichte
20130512	2729	848	http://www.machmaldieaugenauf.de/2013/05/08/infos-zur-akkreditierung-beim-piraten-bundesparteitag-2013-2-bpt131/
20130513	2729	848	http://www.machmaldieaugenauf.de/2013/05/13/abschliesende-statistiken-bpt131/
20130602	2684	906	https://wiki.piratenpartei.de/NDS:Vorstand/2013-06-05#TOP_2:_Berichte
20131004	2625	906
20131009	2620		https://wiki.piratenpartei.de/NDS:Vorstand/2013-10-09#Mitgliederstatistik
20131021	2614	1232	https://niedersachsen.piratenpad.de/NDS-Vorstand-2013-10-23
20131026	2637	50	http://www.machmaldieaugenauf.de/2013/10/26/vorbereitung-der-akkreditierung-zum-bpt-in-bremen/
20131105	2641	1237	https://niedersachsen.piratenpad.de/NDS-Vorstand-2013-11-06
20131118	2623	158	http://www.machmaldieaugenauf.de/2013/10/26/vorbereitung-der-akkreditierung-zum-bpt-in-bremen/
20131120	2637	1237	https://niedersachsen.piratenpad.de/NDS-Vorstand-2013-11-20
20131122	2643
20131123	2644	838	http://www.machmaldieaugenauf.de/2013/10/26/vorbereitung-der-akkreditierung-zum-bpt-in-bremen/
20131201	2637	874	http://www.machmaldieaugenauf.de/2013/12/02/abschliessende-statistiken-zum-bpt132/
20131202	2639	1237	https://niedersachsen.piratenpad.de/NDS-Vorstand-2013-12-04
20131213	2637	1237	https://wiki.piratenpartei.de/NDS:Vorstand/2013-12-15-RL#Mitgliederstatistik
20131218	2636	1237	https://niedersachsen.piratenpad.de/NDS-Vorstand-2013-12-18
#20140105	2569		http://blog.alexzinser.de/?p=90
20140105	2594	319	http://www.machmaldieaugenauf.de/2014/02/10/abschliessende-akkreditierungsstatistiken-zum-bpt141-und-zur-av-eu/
#20140108			https://niedersachsen.piratenpad.de/NDS-Vorstand-2013-01-08
20140115	2577	357	https://wiki.piratenpartei.de/NDS:Vorstand/2014-01-15#Mitgliederstatistik
20140129	2563	398	https://wiki.piratenpartei.de/NDS:Vorstand/2014-01-29#Mitgliederstatistik
20140212	2553	429	https://wiki.piratenpartei.de/NDS:Vorstand/2014-02-12#Mitgliederstatistik
20140226	2549	492	https://wiki.piratenpartei.de/NDS:Vorstand/2014-02-26#Mitgliederstatistik
20140302	2542	507	https://wiki.piratenpartei.de/NDS:Vorstand/2014-03-05#Mitgliederstatistik
20140312	2543	520	https://wiki.piratenpartei.de/NDS:Vorstand/2014-03-12#Mitgliederstatistik
20140318	2538	537	https://wiki.piratenpartei.de/NDS:Vorstand/2014-03-19#Mitgliederstatistik
20140326	2533	541	https://wiki.piratenpartei.de/NDS:Vorstand/2014-03-26#Mitgliederstatistik
20140407	2532	553	https://wiki.piratenpartei.de/NDS:Vorstand/2014-04-09#Mitgliederstatistik
20140423	2531		https://wiki.piratenpartei.de/NDS:Vorstand/2014-04-23#Mitgliederstatistik
20140430	2528	561	https://wiki.piratenpartei.de/NDS:Vorstand/2014-05-03#Mitgliederstatistik
20140507	2525	564	https://wiki.piratenpartei.de/NDS:Vorstand/2014-05-07#Mitgliederstatistik
20140521	2475	626	https://wiki.piratenpartei.de/NDS:Vorstand/2014-05-21#Mitgliederstatistik
20140604	2468	657	https://wiki.piratenpartei.de/NDS:Vorstand/2014-06-04#Mitgliederstatistik
20140618	2443	680	https://wiki.piratenpartei.de/NDS:Vorstand/2014-06-18#Mitgliederstatistik
20140702	2400	681	https://wiki.piratenpartei.de/NDS:Vorstand/2014-07-02#Mitgliederstatistik
20140713	2196	759	https://wiki.piratenpartei.de/NDS:Vorstand/2014-07-13-RL#Mitgliederstatistik
20140730	2197	808	https://wiki.piratenpartei.de/NDS:Vorstand/2014-07-30#Mitgliederstatistik
20140813	2198	811
20140827	2201	814	https://wiki.piratenpartei.de/NDS:Vorstand/2014-08-27#Mitgliederstatistik
20140828	2228		https://twitter.com/H3rmi/status/505047264071790592/photo/1
20140910	2202	813	https://wiki.piratenpartei.de/NDS:Vorstand/2014-09-10#Mitgliederstatistik
20140911	2201	791	https://twitter.com/H3rmi/status/510137422357995520/photo/1
20140924	2196		https://wiki.piratenpartei.de/NDS:Vorstand/2014-09-24#Mitgliederstatistik
20140925	2182	792	https://twitter.com/H3rmi/status/515199307776266240/photo/1
20141008	2171	815	https://wiki.piratenpartei.de/NDS:Vorstand/2014-10-08#Mitgliederstatistik
20141022	2160	807	https://wiki.piratenpartei.de/NDS:Vorstand/2014-10-22#Mitgliederstatistik
20141023	2157	789	https://twitter.com/Bundes_GenSek/status/525300116002181120
20141105	2101		https://wiki.piratenpartei.de/NDS:Vorstand/2014-11-05#Mitgliederstatistik
20141122	2093		https://wiki.piratenpartei.de/NDS:Vorstand/2014-11-23-RL#Mitgliederstatistik
20141203	2085	805	https://wiki.piratenpartei.de/NDS:Vorstand/2014-12-03#Mitgliederstatistik
20141217	2082	804	https://wiki.piratenpartei.de/NDS:Vorstand/2014-12-17#Mitgliederstatistik
20150312	2016	293	http://vorstand.piratenpartei.de/2015/03/12/neues-aus-der-mitgliederverwaltung/
20150326	2014	307	http://vorstand.piratenpartei.de/2015/03/26/neues-aus-der-mitgliederverwaltung-2/
20150409	2009	314	http://vorstand.piratenpartei.de/2015/04/09/neues-aus-der-mitgliederverwaltung-3/
20150507	1945	415	http://vorstand.piratenpartei.de/2015/05/07/neues-aus-der-mitgliederverwaltung-4/#
#
# https://wiki.piratenpartei.de/NDS:Vorstand/Protokolle
20150608	1907	537	0	173	scraped from http://finanzen.piratenpartei.de/statistik.php
20150609	1907	537	0	173	scraped
20150610	1907	537	0	173	scraped
20150611	1907	537	0	173	scraped
20150612	1907	539	0	173	scraped
20150613	1907	542	0	173	scraped
20150614	1907	542	0	173	scraped
20150615	1907	544	0	173	scraped
20150616	1907	544	0	173	scraped
20150617	1907	544	0	173	scraped
20150618	1907	545	0	173	scraped
20150619	1906	545	0	173	scraped
20150620	1906	545	0	173	scraped
20150621	1901	550	0	173	scraped
20150622	1896	551	0	173	scraped
20150623	1896	551	0	173	scraped
20150624	1895	551	0	173	scraped
20150625	1895	551	0	173	scraped
20150626	1895	551	0	173	scraped
20150627	1895	551	0	173	scraped
20150628	1895	551	0	173	scraped
20150629	1894	551	0	173	scraped
20150630	1893	553	0	173	scraped
20150701	1893	553	0	173	scraped
20150702	1893	553	0	173	scraped
20150703	1893	553	0	173	scraped
20150704	1893	555	0	173	scraped
20150705	1893	555	0	173	scraped
20150706	1892	555	0	173	scraped
20150707	1891	555	1	173	scraped
20150708	1890	555	1	173	scraped
20150709	1890	557	1	173	scraped
20150710	1801	557	1	173	scraped
20150711	1800	557	1	173	scraped
20150712	1800	557	1	173	scraped
20150713	1800	557	1	173	scraped
20150714	1801	557	3	173	scraped
20150715	1801	557	3	173	scraped
20150716	1801	558	5	173	scraped
20150717	1801	559	5	173	scraped
20150718	1801	559	5	173	scraped
20150719	1800	558	5	172	scraped
20150720	1800	559	5	172	scraped
20150721	1801	561	5	172	scraped
20150722	1801	561	7	172	scraped
20150723	1803	563	5	172	scraped
20150724	1804	563	4	172	scraped
20150725	1804	563	4	172	scraped
20150726	1804	563	4	172	scraped
20150727	1803	562	4	172	scraped
20150728	1803	566	4	172	scraped
20150729	1803	567	4	172	scraped
20150730	1803	567	4	172	scraped
20150731	1803	567	4	172	scraped
20150801	1803	567	4	172	scraped
20150802	1803	567	4	172	scraped
20150803	1803	570	3	172	scraped
20150804	1803	566	3	172	scraped
20150805	1803	566	3	172	scraped
20150806	1803	566	3	172	scraped
20150807	1803	566	3	172	scraped
20150808	1803	566	3	172	scraped
20150809	1798	564	5	170	scraped
20150810	1798	564	5	170	scraped
20150811	1798	564	5	170	scraped
20150812	1798	564	5	170	scraped
20150813	1799	565	4	170	scraped
20150814	1799	565	4	170	scraped
20150815	1799	565	4	170	scraped
20150816	1799	565	4	170	scraped
20150817	1795	563	5	170	scraped
20150818	1795	563	5	170	scraped
20150819	1794	563	5	170	scraped
20150820	1794	563	5	170	scraped
20150821	1794	563	5	170	scraped
20150822	1793	563	7	170	scraped
20150823	1792	563	7	170	scraped
20150824	1791	562	7	170	scraped
20150825	1791	562	7	170	scraped
20150826	1791	562	7	170	scraped
20150827	1792	562	6	170	scraped
20150828	1792	564	6	170	scraped
20150829	1792	564	6	170	scraped
20150830	1792	564	6	170	scraped
20150831	1792	564	6	170	scraped
20150901	1792	564	7	170	scraped
20150902	1792	564	7	170	scraped
20150903	1792	564	7	170	scraped
20150904	1792	564	7	170	scraped
20150905	1792	564	7	170	scraped
20150906	1792	564	7	170	scraped
20150907	1792	564	7	170	scraped
20150908	1791	563	7	169	scraped
20150909	1790	563	7	169	scraped
20150910	1788	562	7	169	scraped
20150911	1788	563	6	169	scraped
20150912	1787	563	7	169	scraped
20150913	1787	563	7	169	scraped
20150914	1787	564	7	169	scraped
20150915	1786	563	7	169	scraped
20150916	1785	562	7	169	scraped
20150917	1782	560	7	169	scraped
20150918	1781	560	7	169	scraped
20150919	1781	562	7	169	scraped
20150920	1781	562	7	169	scraped
20150921	1781	562	7	169	scraped
20150922	1781	562	7	169	scraped
20150923	1780	562	7	169	scraped
20150924	1777	563	7	169	scraped
20150925	1778	563	7	169	scraped
20150926	1778	565	7	169	scraped
20150927	1778	565	7	169	scraped
20150928	1777	565	7	169	scraped
20150929	1777	567	6	169	scraped
20150930	1780	568	6	170	scraped
20151001	1780	568	6	170	scraped
20151002	1780	570	6	170	scraped
20151003	1777	570	7	170	scraped
20151004	1753	575	9	170	scraped
20151005	1753	583	9	170	scraped
20151006	1750	584	9	170	scraped
20151007	1747	584	9	170	scraped
20151008	1746	589	9	170	scraped
20151009	1742	590	9	169	scraped
20151010	1742	590	9	169	scraped
20151011	1732	593	11	169	scraped
20151012	1732	594	11	169	scraped
20151013	1733	604	10	169	scraped
20151014	1733	606	10	169	scraped
20151015	1731	607	10	169	scraped
20151016	1731	607	10	169	scraped
20151017	1731	607	10	169	scraped
20151018	1728	607	10	169	scraped
20151019	1727	611	9	168	scraped
20151020	1727	612	9	168	scraped
20151021	1728	613	7	168	scraped
20151022	1728	613	7	168	scraped
20151023	1728	613	7	168	scraped
20151024	1728	613	7	168	scraped
20151025	1727	613	9	168	scraped
20151026	1727	615	9	168	scraped
20151027	1728	616	9	168	scraped
20151028	1728	616	9	168	scraped
20151029	1730	618	7	168	scraped
20151030	1730	618	7	168	scraped
20151031	1722	614	7	168	scraped
20151101	1720	616	7	168	scraped
20151102	1720	617	7	168	scraped
20151103	1720	618	7	168	scraped
20151104	1720	618	7	168	scraped
20151105	1720	619	7	168	scraped
20151106	1720	619	7	168	scraped
20151107	1720	619	7	168	scraped
20151108	1698	619	7	168	scraped
20151109	1698	619	7	168	scraped
20151110	1698	619	7	168	scraped
20151111	1698	619	7	168	scraped
20151112	1693	625	7	168	scraped
20151113	1693	625	7	168	scraped
20151114	1693	625	7	168	scraped
20151115	1693	625	7	168	scraped
20151116	1693	625	7	168	scraped
20151117	1693	625	7	168	scraped
20151118	1685	636	7	168	scraped
20151119	1683	639	7	168	scraped
20151120	1683	641	7	168	scraped
20151121	1683	641	7	168	scraped
20151122	1683	641	7	168	scraped
20151123	1682	640	7	168	scraped
20151124	1682	640	7	168	scraped
20151125	1682	641	7	168	scraped
20151126	1680	640	7	168	scraped
20151127	1680	645	7	168	scraped
20151128	1680	645	7	168	scraped
20151129	1680	645	7	168	scraped
20151130	1677	630	7	167	scraped
20151201	1677	632	7	167	scraped
20151202	1675	631	8	167	scraped
20151203	1675	631	8	167	scraped
20151204	1675	631	8	167	scraped
20151205	1675	631	8	167	scraped
20151206	1674	630	8	167	scraped
20151207	1674	630	8	167	scraped
20151208	1674	633	8	167	scraped
20151209	1674	636	8	167	scraped
20151210	1674	637	8	167	scraped
20151211	1675	640	7	167	scraped
20151212	1675	648	7	167	scraped
20151213	1675	651	7	167	scraped
20151214	1675	651	7	167	scraped
20151215	1675	652	7	167	scraped
20151216	1675	652	7	167	scraped
20151217	1670	658	7	167	scraped
20151218	1667	656	7	167	scraped
20151219	1666	657	7	167	scraped
20151220	1672	659	7	167	scraped
20151221	1670	657	7	167	scraped
20151222	1666	655	7	167	scraped
20151223	1666	655	7	167	scraped
20151224	1666	658	7	167	scraped
20151225	1666	658	7	167	scraped
20151226	1666	658	7	167	scraped
20151227	1666	658	7	167	scraped
20151228	1664	660	8	167	scraped
20151229	1662	659	8	167	scraped
20151230	1659	660	8	167	scraped
20151231	1298	649	8	161	scraped
20160101	1298	35	8	161	scraped
20160102	1298	213	8	161	scraped
20160103	1297	212	7	161	scraped
20160104	1297	210	7	161	scraped
20160105	1297	211	7	161	scraped
20160106	1296	222	7	160	scraped
20160107	1296	225	7	160	scraped
20160108	1296	225	7	160	scraped
20160109	1296	236	7	160	scraped
20160110	1296	236	6	160	scraped
20160111	1289	238	6	160	scraped
20160112	1288	236	6	159	scraped
20160113	1288	236	6	159	scraped
20160114	1288	237	6	159	scraped
20160115	1288	238	6	159	scraped
20160116	1288	243	6	159	scraped
20160117	1288	243	6	159	scraped
20160118	1288	244	5	159	scraped
20160119	1288	244	5	159	scraped
20160120	1287	244	5	159	scraped
20160121	1287	247	5	159	scraped
20160122	1287	253	5	159	scraped
20160123	1277	258	6	159	scraped
20160124	1274	257	6	159	scraped
20160125	1274	256	6	159	scraped
20160126	1274	268	6	159	scraped
20160127	1274	268	6	159	scraped
20160128	1274	268	6	159
20160129	1274	270	6	159
20160130	1273	270	6	159
20160131	1273	270	6	159
20160201	1272	271	6	159
20160202	1266	270	6	159
20160203	1265	270	6	159
20160204	1265	289	6	159
20160205	1264	310	6	158
20160206	1261	326	6	157
20160207	1261	338	6	157
20160208	1259	341	7	157
20160209	1259	342	7	157
20160210	1257	342	7	156
20160211	1257	353	7	156
20160212	1257	359	6	156
20160213	1257	366	6	156
20160214	1256	366	6	156
20160215	1256	366	6	156
20160216	1256	368	6	156
20160217	1256	380	6	156
20160218	1256	383	6	156
20160219	1256	386	5	156
20160220	1256	386	5	156
20160221	1254	386	5	155
20160222	1254	386	5	155
20160223	1254	386	5	155
20160224	1254	386	5	155
20160225	1254	389	5	155
20160226	1254	389	5	155
20160227	1253	389	5	155
20160228	1251	389	8	155
20160229	1251	397	8	155
20160301	1252	401	7	155
20160302	1251	401	7	155
20160303	1251	403	7	155
20160304	1251	411	7	155
20160305	1251	411	7	155
20160306	1052	411	7	154
20160307	1052	411	7	154
20160308	1052	411	7	154
20160309	1052	411	6	154
20160310	1053	416	5	154
20160311	1051	417	5	154
20160312	1051	441	5	154
20160313	1050	441	5	154
20160314	1050	441	5	154
20160315	1049	441	5	154
20160316	1050	454	4	154
20160317	1050	454	5	154
20160318	1051	454	4	154
20160319	1051	469	5	154
20160320	1051	469	5	154
20160321	1051	469	5	154
20160322	1051	474	5	154
20160323	1051	474	5	154
20160324	1050	473	5	154
20160325	1050	479	5	154
20160326	1050	479	5	154
20160327	1050	479	5	154
20160328	1050	479	5	154
20160329	1050	479	5	154
20160330	1050	479	8	154
20160331	1049	480	8	154
20160401	1047	480	8	154
20160402	1047	480	7	154
20160403	1047	480	7	154
20160404	1043	487	10	154
20160405	1043	487	10	154
20160406	1043	487	10	154
20160407	1041	487	10	154
20160408	1041	491	12	154
20160409	1046	497	7	154
20160410	1046	497	7	154
20160411	1046	497	8	154
20160412	1046	502	8	154
20160413	1046	502	8	154
20160414	1046	502	8	154
20160415	1043	501	8	153
20160416	1043	501	8	153
20160417	1039	500	9	153
20160418	1039	500	9	153
20160419	1039	502	9	153
20160420	1038	502	9	153
20160421	1041	525	6	153
20160422	1040	524	6	153
20160423	1040	526	6	153
20160424	1040	526	6	153
20160425	1040	526	6	153
20160426	1040	526	6	153
20160427	1040	526	6	153
20160428	1040	526	6	153
20160429	1041	527	6	153
20160430	1041	527	6	153
20160501	1040	527	6	153
20160502	1040	527	6	153
20160503	1040	530	7	153
20160504	1040	530	7	153
20160505	1040	530	7	153
20160506	1040	530	9	153
20160507	1039	533	10	153
20160508	1039	533	10	153
20160509	1039	533	10	153
20160510	1039	533	10	153
20160511	1039	534	12	153
20160512	1039	534	12	153
20160513	1039	535	12	153
20160514	1039	535	12	153
20160515	1039	535	12	153
20160516	1039	535	12	153
20160517	1039	535	13	153
20160518	1039	535	13	153
20160519	1039	535	13	153
20160520	1039	535	13	153
20160521	1039	535	13	153
20160522	1040	535	12	153
20160523	1040	538	12	153
20160524	1040	540	12	153
20160525	1037	538	12	152
20160526	1037	538	12	152
20160527	1037	543	12	152
20160528	1037	544	12	152
20160529	1037	544	12	152
20160530	1037	544	12	152
20160531	1037	544	12	152
20160601	1037	544	16	152
20160602	1037	544	22	152
20160603	1035	546	22	152
20160604	1035	546	22	152
20160605	1038	548	19	152
20160606	1038	548	19	152
20160607	1038	548	19	152
20160608	1033	546	19	151
20160609	1035	547	19	151
20160610	1035	552	19	151
20160611	1035	552	19	151
20160612	1035	552	19	151
20160613	1036	552	18	151
20160614	1034	552	17	151
20160615	1040	555	11	151
20160616	1039	557	11	151
20160617	1039	562	11	151
20160618	1039	562	11	151
20160619	1039	562	11	151
20160620	1040	564	10	151
20160621	1040	564	10	151
20160622	1040	564	10	151
20160623	1040	564	10	151
20160624	1040	564	10	151
20160625	1040	564	10	151
20160626	1040	564	10	151
20160627	1040	568	10	151
20160628	1040	568	10	151
20160629	1040	568	11	151
20160630	1040	569	11	151
20160701	1040	569	11	151
20160702	1040	569	11	151
20160703	1040	577	11	151
20160704	1040	577	11	151
20160705	1036	576	11	149
20160706	1035	577	12	149
20160707	1035	577	12	149
20160708	1035	577	12	149
20160709	1035	577	12	149
20160710	1035	577	12	149
20160711	1034	577	12	149
20160712	1034	577	12	149
20160713	1034	577	12	149
20160714	1034	580	12	149
20160715	1033	582	13	148
20160716	1033	582	13	148
20160717	1033	582	13	148
20160718	1033	582	13	148
20160719	1033	582	13	148
20160720	1033	583	13	148
20160721	1033	583	13	148
20160722	1033	583	13	148
20160723	1033	583	13	148
20160724	1033	583	13	148
20160725	1033	583	13	148
20160726	1033	584	13	148
20160727	1033	585	13	148
20160728	1033	585	13	148
20160729	1033	585	13	148
20160730	1033	585	13	148
20160731	1033	588	13	148
20160801	1033	588	13	148
20160802	1033	588	13	148
20160803	1033	588	13	148
20160804	1033	588	13	148
20160805	1033	588	13	148
20160806	1033	588	13	148
20160807	1033	588	13	148
20160808	1033	588	13	148
20160809	1033	588	13	148
20160810	1033	588	13	148
20160811	1033	588	13	148
20160812	1033	588	13	148
20160813	1033	588	13	148
20160814	1033	589	13	148
20160815	1033	589	13	148
20160816	1033	589	13	148
20160817	1033	589	13	148
20160818	1033	589	13	148
20160819	1033	589	12	148
20160820	1033	589	12	148
20160821	1033	589	12	148
20160822	1033	589	12	148
20160823	1033	590	12	148
20160824	1033	590	12	148
20160825	1033	592	12	148
20160826	1033	592	12	148
20160827	1033	592	12	148
20160828	1033	592	12	148
20160829	1033	592	12	148
20160830	1032	592	12	147
20160831	1033	592	11	147
20160901	1033	592	11	147
20160902	1033	592	17	147
20160903	1029	590	17	146
20160904	1029	590	17	146
20160905	1029	591	17	146
20160906	1029	591	17	146
20160907	1028	590	17	146
20160908	1029	590	16	146
20160909	1029	590	16	146
20160910	1029	590	16	146
20160911	1026	588	19	146
20160912	1026	588	19	146
20160913	1026	588	19	146
20160914	1026	588	19	146
20160915	1027	590	18	146
20160916	1027	590	18	146
20160917	1027	590	18	146
20160918	1028	590	17	146
20160919	1028	590	17	146
20160920	1028	590	17	146
20160921	1028	590	17	146
20160922	1028	591	17	146
20160923	1028	591	17	146
20160924	1028	591	17	146
20160925	1028	591	17	146
20160926	1028	592	17	146
20160927	1027	591	17	146
20160928	1027	590	17	146
20160929	1027	590	17	146
20160930	1027	590	17	146
20161001	1027	590	17	146
20161002	1027	590	17	146
20161003	1026	590	17	146
20161004	1026	590	21	146
20161005	1026	590	21	146
20161006	1018	584	19	143
20161007	1018	584	19	143
20161008	1018	584	19	143
20161009	1019	584	18	143
20161010	1013	579	18	142
20161011	1013	582	18	142
20161012	1013	582	18	142
20161013	1013	582	18	142
20161014	1013	582	22	142
20161015	1012	581	22	142
20161016	1015	581	19	142
20161017	1015	583	19	142
20161018	1015	583	19	142
20161019	1015	583	19	142
20161020	1018	583	16	142
20161021	1018	586	16	142
20161022	1018	586	16	142
20161023	1017	585	17	142
20161024	1017	587	17	142
20161025	1017	587	17	142
20161026	1017	587	17	142
20161027	1017	587	17	142
20161028	1017	587	17	142
20161029	1017	587	17	142
20161030	1017	587	17	142
20161031	1016	587	17	142
20161101	1015	587	17	142
20161102	1015	587	17	142
20161103	1015	587	17	142
20161104	1015	587	17	142
20161105	1015	587	17	142
20161106	1016	587	16	142
20161107	1017	590	15	142
20161108	1017	590	14	142
20161109	1017	590	14	142
20161110	1017	590	14	142
20161111	1017	590	14	142
20161112	1016	589	15	142
20161113	1015	589	15	142
20161114	1015	589	15	142
20161115	1015	589	15	142
20161116	1015	589	15	142
20161117	1015	589	15	142
20161118	1015	589	15	142
20161119	1015	589	15	142
20161120	1016	589	14	142
20161121	1016	590	14	142
20161122	1016	590	14	142
20161123	1016	590	14	142
20161124	1016	590	14	142
20161125	1009	583	16	142
20161126	1009	583	16	142
20161127	1010	584	16	142
20161128	1010	584	16	142
20161129	1010	584	16	142
20161130	1010	585	16	142
20161201	1010	585	16	142
20161202	1010	585	16	142
20161203	1010	585	16	142
20161204	1010	585	16	142
20161205	1010	585	16	142
20161206	1010	585	15	142
20161207	1010	585	15	142
20161208	1010	585	15	142
20161209	1011	586	13	141
20161210	1011	586	13	141
20161211	1011	587	13	141
20161212	1011	587	13	141
20161213	1011	587	13	141
20161214	1010	586	14	141
20161215	1010	586	14	141
20161216	1010	586	14	141
20161217	1010	586	14	141
20161218	1012	586	12	141
20161219	1012	589	12	141
20161220	1012	589	12	141
20161221	1010	588	13	141
20161222	1010	588	13	141
20161223	1009	587	13	141
20161224	1009	587	13	141
20161225	1009	588	13	141
20161226	1009	588	12	141
20161227	1007	586	12	141
20161228	1007	586	12	141
20161229	1004	583	12	141
20161230	1003	582	12	141
20161231	997	576	12	140
20170101	993	16	12	140
20170102	993	21	12	140
20170103	993	21	12	140
20170104	993	21	12	140
20170105	993	21	12	140
20170106	993	21	12	140
20170107	993	21	12	140
20170108	993	21	12	140
20170109	993	21	12	140
20170110	993	21	12	140
20170111	993	21	12	140
20170112	986	190	10	139
20170113	986	162	10	139
20170114	986	162	10	139
20170115	986	162	10	139
20170116	986	171	10	139
20170117	986	171	10	139
20170118	986	171	10	139
20170119	986	173	10	139
20170120	986	173	10	139
20170121	986	178	10	139
20170122	986	178	10	139
20170123	986	174	10	139
20170124	986	174	10	139
20170125	979	173	9	137
20170126	977	173	9	136
20170127	977	175	9	136
20170128	977	178	9	136
20170129	977	178	9	136
20170130	977	177	9	136
20170131	978	177	9	136
20170201	978	178	9	136
20170202	978	178	9	136
20170203	978	182	9	136
20170204	978	182	9	136
20170205	978	182	9	136
20170206	976	182	10	136
20170207	976	182	10	136
20170208	976	196	10	136
20170209	976	198	10	136
20170210	976	198	10	136
20170211	976	200	10	136
20170212	976	202	10	136
20170213	977	207	10	136
20170214	977	207	10	136
20170215	977	207	10	136
20170216	977	207	10	136
20170217	977	207	10	136
20170218	977	207	10	136
20170219	977	207	10	136
20170220	977	207	10	136
20170221	977	207	10	136
20170222	977	208	10	136
20170223	977	208	10	136
20170224	977	209	10	136
20170225	977	209	10	136
20170226	977	212	10	136
20170227	977	212	10	136
20170228	969	212	10	135
20170301	969	212	10	135
20170302	969	213	8	135
20170303	968	213	8	135
20170304	968	213	8	135
20170305	968	213	8	135
20170306	968	213	8	135
20170307	968	213	8	135
20170308	968	213	8	135
20170309	965	276	7	135
20170310	965	276	7	135
20170311	965	276	7	135
20170312	965	276	7	135
20170313	965	276	7	135
20170314	965	276	7	135
20170315	965	281	5	135
20170316	965	281	5	135
20170317	965	289	5	135
20170318	965	289	5	135
20170319	965	289	5	135
20170320	965	289	5	135
20170321	965	289	5	135
20170322	965	289	5	135
20170323	965	292	5	135
20170324	965	292	5	135
20170325	965	293	5	135
20170326	965	293	5	135
20170327	965	293	5	135
20170328	965	293	5	135
20170329	965	293	5	135
20170330	965	293	5	135
20170331	965	293	5	135
20170401	965	293	5	135
20170402	965	293	5	135
20170403	965	293	5	135
20170404	965	293	5	135
20170405	965	293	5	135
20170406	965	293	5	135
20170407	965	310	5	135
20170408	965	310	5	135
20170409	965	311	5	135
20170410	965	311	5	135
20170411	965	334	5	135
20170412	965	334	5	135
20170413	965	334	5	135
20170414	965	334	5	135
20170415	965	334	5	135
20170416	965	334	4	135
20170417	965	334	4	135
20170418	963	342	4	134
20170419	963	342	4	134
20170420	963	342	4	134
20170421	963	342	4	134
20170422	963	342	4	134
20170423	963	342	4	134
20170424	963	342	4	134
20170425	963	342	4	134
20170426	957	372	4	133
20170427	957	372	4	133
20170428	957	372	4	133
20170429	957	372	4	133
20170430	958	380	3	133
20170501	958	380	3	133
20170502	958	380	3	133
20170503	958	380	3	133
20170504	958	386	3	133
20170505	958	386	3	133
20170506	958	386	3	133
20170507	958	386	4	133
20170508	958	386	4	133
20170509	958	392	4	133
20170510	958	392	4	133
20170511	958	392	4	133
20170512	958	392	4	133
20170513	958	392	4	133
20170514	958	392	4	133
20170515	955	392	4	133
20170516	955	392	4	133
20170517	955	392	4	133
20170518	955	392	4	133
20170519	955	407	4	133
20170520	954	407	4	133
20170521	954	407	4	133
20170522	954	407	4	133
20170523	954	407	4	133
20170524	954	407	4	133
20170525	954	407	4	133
20170526	954	407	4	133
20170527	954	417	4	133
20170528	954	417	4	133
20170529	954	419	7	133
20170530	954	419	7	133
20170531	954	419	7	133
20170601	954	419	7	133
20170602	949	418	7	133
20170603	949	418	7	133
20170604	950	422	5	133
20170605	950	422	5	133
20170606	950	422	5	133
20170607	950	422	5	133
20170608	921	423	4	130
20170609	921	423	4	130
20170610	921	425	4	130
20170611	921	425	4	130
20170612	921	425	4	130
20170613	921	425	4	130
20170614	922	428	4	130
20170615	922	428	4	130
20170616	886	428	5	129
20170617	886	428	5	129
20170618	886	428	5	129
20170619	886	428	5	129
20170620	886	428	5	129
20170621	886	428	5	129
20170622	886	430	4	129
20170623	886	430	4	129
20170624	886	430	4	129
20170625	886	430	4	129
20170626	886	430	4	129
20170627	886	430	4	129
20170628	886	430	4	129
20170629	886	430	4	129
20170630	886	430	4	129
20170701	886	430	4	129
20170702	886	430	4	129
20170703	886	430	4	129
20170704	886	430	4	129
20170705	885	431	4	129
20170706	885	431	4	129
20170707	883	430	4	129
20170708	883	430	4	129
20170709	884	433	3	129
20170710	884	433	3	129
20170711	883	433	5	129
20170712	883	433	5	129
20170713	883	433	5	129
20170714	883	433	5	129
20170715	883	433	5	129
20170716	883	433	5	129
20170717	884	434	5	129
20170718	884	434	5	129
20170719	884	434	5	129
20170720	884	434	5	129
20170721	884	434	9	129
20170722	884	434	9	129
20170723	884	434	9	129
20170724	884	434	9	129
20170725	885	435	8	129
20170726	885	435	8	129
20170727	885	435	8	129
20170728	885	435	8	129
20170729	885	435	8	129
20170730	885	435	8	129
20170731	885	436	8	129
20170801	885	436	8	129
20170802	885	436	8	129
20170803	885	436	8	129
20170804	885	436	8	129
20170805	885	436	8	129
20170806	885	436	8	129
20170807	885	436	8	129
20170808	885	436	8	129
20170809	885	436	8	129
20170810	885	436	8	129
20170811	885	436	8	129
20170812	885	436	8	129
20170813	885	436	8	129
20170814	884	436	10	128
20170815	884	436	10	128
20170816	883	435	10	127
20170817	883	435	10	127
20170818	883	435	10	127
20170819	883	435	10	127
20170820	883	435	10	127
20170821	883	435	10	127
20170822	883	435	10	127
20170823	884	435	10	127
20170824	884	435	10	127
20170825	883	434	10	127
20170826	883	434	10	127
20170827	883	434	10	127
20170828	883	434	10	127
20170829	883	434	10	127
20170830	883	434	10	127
20170831	878	432	10	127
20170901	878	432	10	127
20170902	877	431	10	126
20170903	877	431	10	126
20170904	878	432	9	126
20170905	878	432	9	126
20170906	878	432	9	126
20170907	878	432	9	126
20170908	878	432	9	126
20170909	878	432	9	126
20170910	878	432	9	126
20170911	878	432	9	126
20170912	878	432	9	126
20170913	878	432	9	126
20170914	878	433	8	126
20170915	878	433	8	126
20170916	878	433	8	126
20170917	878	433	8	126
20170918	874	429	10	125
20170919	874	429	10	125
20170920	874	429	10	125
20170921	874	429	10	125
20170922	874	429	10	125
20170923	874	429	10	125
20170924	874	429	10	125
20170925	874	429	10	125
20170926	874	429	10	125
20170927	874	429	10	125
20170928	874	429	10	125
20170929	874	429	10	125
20170930	877	432	10	125
20171001	877	432	10	125
20171002	877	432	10	125
20171003	878	434	17	125
20171004	878	434	17	125
20171005	878	434	17	125
20171006	878	434	17	125
20171007	878	434	17	125
20171008	878	434	17	125
20171009	878	434	17	125
20171010	878	434	17	125
20171011	878	434	17	125
20171012	878	434	17	125
20171013	878	434	17	125
20171014	878	434	17	125
20171015	878	434	17	125
20171016	878	434	17	125
20171017	878	434	17	125
20171018	878	434	17	125
20171019	878	442	12	125
20171020	878	442	12	125
20171021	879	445	11	125
20171022	880	446	10	125
20171023	877	446	12	125
20171024	877	446	12	125
20171025	877	446	12	125
20171026	877	447	15	125
20171027	877	447	15	125
20171028	877	447	15	125
20171029	878	447	14	125
20171030	878	447	14	125
20171031	878	449	14	125
20171101	875	447	14	124
20171102	875	447	14	124
20171103	875	447	13	124
20171104	875	447	13	124
20171105	877	447	11	124
20171106	874	447	14	124
20171107	874	447	14	124
20171108	874	450	14	124
20171109	874	450	14	124
20171110	874	450	14	124
20171111	874	450	14	124
20171112	874	450	14	124
20171113	877	450	11	124
20171114	877	453	11	124
20171115	877	453	11	124
20171116	877	453	11	124
20171117	877	453	11	124
20171118	877	453	11	124
20171119	877	453	11	124
20171120	877	453	11	124
20171121	877	453	11	124
20171122	877	453	11	124
20171123	877	453	11	124
20171124	877	456	11	124
20171125	877	456	11	124
20171126	877	456	11	124
20171127	873	455	11	124
20171128	873	455	11	124
20171129	873	455	11	124
20171130	873	455	11	124
20171201	873	455	11	124
20171202	873	455	11	124
20171203	868	452	11	123
20171204	868	452	11	123
20171205	868	452	11	123
20171206	868	452	11	123
20171207	868	452	11	123
20171208	868	452	11	123
20171209	869	451	9	123
20171210	869	451	9	123
20171211	869	456	9	123
20171212	869	456	9	123
20171213	869	456	9	123
20171214	869	456	9	123
20171215	869	456	9	123
20171216	869	456	9	123
20171217	869	456	9	123
20171218	869	456	9	123
20171219	869	456	9	123
20171220	861	452	8	123
20171221	861	453	8	123
20171222	860	453	8	123
20171223	860	454	8	123
20171224	860	454	8	123
20171225	860	454	8	123
20171226	860	454	8	123
20171227	860	454	8	123
20171228	860	454	8	123
20171229	859	454	8	123
20171230	859	455	8	123
20171231	847	443	8	117
20180102	846	19	8	117
20180103	845	19	8	117
20180104	845	152	8	117
20180105	845	152	8	117
20180106	845	159	8	117
20180107	845	159	7	117
20180108	845	159	7	117
20180109	845	159	7	117
20180110	844	159	7	117
20180111	844	159	7	117
20180112	844	164	7	117
20180113	844	164	7	117
20180114	844	170	7	117
20180115	844	171	7	117
20180116	844	169	7	117
20180117	844	171	4	117
20180118	844	171	4	117
20180119	844	174	4	117
20180120	844	174	4	117
20180121	843	175	4	117
20180122	841	178	4	117
20180123	841	178	4	117
20180124	839	177	4	117
20180125	839	179	4	117
20180126	839	179	4	117
20180127	839	179	4	117
20180128	839	179	4	117
20180129	839	209	4	117
20180130	839	209	4	117
20180131	823	208	4	116
20180201	823	209	4	116
20180202	823	209	4	116
20180203	823	209	4	116
20180204	814	209	4	115
20180205	814	213	4	115
20180206	814	219	4	115
20180207	814	219	4	115
20180208	814	219	4	115
20180209	814	219	4	115
20180210	814	229	4	115
20180211	814	229	4	115
20180212	814	229	4	115
20180213	814	229	4	115
20180214	814	231	4	115
20180215	814	235	4	115
20180216	815	236	4	116
20180217	815	240	4	116
20180218	814	240	4	116
20180219	813	243	4	116
20180220	813	245	4	116
20180221	813	245	4	116
20180222	813	245	4	116
20180223	813	245	4	116
20180224	813	245	4	116
20180225	813	245	4	116
20180226	813	245	4	116
20180227	812	248	4	116
20180228	811	248	4	116
20180301	811	256	4	116
20180302	811	264	4	116
20180303	811	264	6	116
20180304	801	265	6	113
20180305	801	273	6	113
20180306	801	273	6	113
20180307	801	273	6	113
20180308	800	273	6	113
20180309	800	273	6	113
20180310	800	273	6	113
20180311	800	282	6	113
20180312	800	288	6	113
20180313	800	288	6	113
20180314	800	288	6	113
20180315	799	288	7	113
20180316	799	288	7	113
20180317	799	288	7	113
20180318	799	288	7	113
20180319	799	288	7	113
20180320	799	290	7	113
20180321	799	290	7	113
20180322	799	290	7	113
20180323	799	290	7	113
20180324	798	290	7	113
20180325	798	289	6	113
20180326	798	289	6	113
20180327	798	289	6	113
20180328	798	289	4	113
20180329	798	289	4	113
20180330	798	289	4	113
20180331	798	289	4	113
20180401	798	289	4	113
20180402	798	289	4	113
20180403	755	302	5	113
20180404	755	302	5	113
20180405	755	302	6	113
20180406	755	302	6	113
20180407	754	302	6	113
20180408	756	302	4	113
20180409	756	302	4	113
20180410	756	306	4	113
20180411	756	306	4	113
20180412	756	309	4	113
20180413	756	310	4	113
20180414	756	315	4	113
20180415	756	315	4	113
20180416	754	315	4	113
20180417	754	315	4	113
20180418	754	315	4	113
20180419	754	317	4	113
20180420	752	316	4	113
20180421	752	316	4	113
20180422	752	316	4	113
20180423	753	323	2	113
20180424	753	323	2	113
20180425	753	323	2	113
20180426	753	323	2	113
20180427	753	323	2	113
20180428	753	323	2	113
20180429	753	323	2	113
20180430	752	322	2	113
20180501	752	322	2	113
20180502	745	321	4	113
20180503	745	321	4	113
20180504	745	324	4	113
20180505	746	324	3	113
20180506	746	324	3	113
20180507	746	324	3	113
20180508	746	324	3	113
20180509	746	324	3	113
20180510	746	324	3	113
20180511	747	329	2	113
20180512	747	331	5	113
20180513	747	331	5	113
20180514	747	333	5	113
20180515	747	334	5	113
20180516	747	335	5	113
20180517	747	335	5	113
20180518	747	335	6	113
20180519	747	335	6	113
20180520	749	335	4	113
20180521	749	335	4	113
20180522	749	335	4	113
20180523	749	335	4	113
20180524	749	335	4	113
20180525	749	337	4	113
20180526	751	337	2	113
20180527	751	337	2	113
20180528	751	342	2	113
20180529	751	342	2	113
20180530	751	343	2	113
20180531	751	343	2	113
20180601	750	342	2	113
20180602	750	343	2	113
20180603	750	344	2	113
20180604	750	344	2	113
20180605	750	344	2	113
20180606	750	344	2	113
20180607	750	344	3	113
20180608	750	344	3	113
20180609	750	344	3	113
20180610	750	344	3	113
20180611	750	344	3	113
20180612	750	344	3	113
20180613	750	344	3	113
20180614	750	344	3	113
20180615	750	344	3	113
20180616	750	344	3	113
20180617	750	344	3	113
20180618	750	344	3	113
20180619	750	344	3	113
20180620	749	350	3	113
20180621	749	350	3	113
20180622	749	350	3	113
20180623	749	350	3	113
20180624	749	352	3	113
20180625	749	352	3	113
20180626	749	352	3	113
20180627	749	352	3	113
20180628	749	352	3	113
20180629	749	352	3	113
20180630	749	352	3	113
20180701	749	352	3	113
20180702	749	352	3	113
20180703	749	352	3	113
20180704	749	352	3	113
20180705	749	352	3	113
20180706	749	352	3	113
20180707	749	352	3	113
20180708	749	352	3	113
20180709	749	352	3	113
20180710	749	352	3	113
20180711	749	352	3	113
20180712	749	352	3	113
20180713	749	352	3	113
20180714	749	352	3	113
20180715	746	353	5	113
20180716	746	353	5	113
20180717	746	353	5	113
20180718	746	353	5	113
20180719	746	353	5	113
20180720	746	353	5	113
20180721	746	355	5	113
20180722	745	354	5	113
20180723	745	354	5	113
20180724	745	357	5	113
20180725	745	357	5	113
20180726	745	357	5	113
20180727	745	357	5	113
20180728	745	357	5	113
20180729	745	357	5	113
20180730	745	357	5	113
20180731	745	357	5	113
20180801	745	357	5	113
20180802	745	357	5	113
20180803	745	357	5	113
20180804	745	357	5	113
20180805	745	357	5	113
20180806	745	357	5	113
20180807	745	357	5	113
20180808	745	357	5	113
20180809	745	357	5	113
20180810	745	357	5	113
20180811	744	356	5	113
20180812	744	357	5	113
20180813	744	357	5	113
20180814	744	357	5	113
20180815	744	357	5	113
20180816	744	357	5	113
20180817	744	357	5	113
20180818	744	357	5	113
20180819	744	359	5	113
20180820	744	359	5	113
20180821	744	359	5	113
20180822	744	359	5	113
20180823	743	359	7	113
20180824	743	361	7	113
20180825	743	361	7	113
20180826	743	362	7	113
20180827	743	362	7	113
20180828	743	362	7	113
20180829	743	362	7	113
20180830	743	362	7	113
20180831	743	362	6	113
20180901	743	362	6	113
20180902	743	363	6	113
20180903	738	362	7	113
20180904	738	362	7	113
20180905	738	362	7	113
20180906	738	362	7	113
20180907	738	362	7	113
20180908	739	362	6	113
20180909	739	363	6	113
20180910	739	363	6	113
20180911	739	363	6	113
20180912	739	363	6	113
20180913	739	363	6	113
20180914	739	363	6	113
20180915	739	363	6	113
20180916	740	363	5	113
20180917	740	363	5	113
20180918	740	364	5	113
20180919	740	364	5	113
20180920	740	364	5	113
20180921	740	364	5	113
20180922	740	364	5	113
20180923	740	364	5	113
20180924	740	364	5	113
20180925	740	364	5	113
20180926	740	364	5	113
20180927	740	364	5	113
20180928	740	364	5	113
20180929	740	364	5	113
20180930	740	364	5	113
20181001	740	364	5	113
20181002	740	364	5	113
20181003	740	364	5	113
20181004	740	364	5	113
20181005	740	364	5	113
20181006	740	364	5	113
20181007	740	364	5	113
20181008	740	364	5	113
20181009	740	364	5	113
20181010	740	365	5	113
20181011	740	365	5	113
20181012	740	365	5	113
20181013	738	363	5	112
20181014	738	363	5	112
20181015	738	363	5	112
20181016	738	363	5	112
20181017	738	363	5	112
20181018	738	363	5	112
20181019	632	363	5	103
20181020	632	363	5	103
20181021	632	363	5	103
20181022	632	363	5	103
20181023	632	363	5	103
20181024	632	363	5	103
20181025	632	363	5	103
20181026	632	363	5	103
20181027	632	363	5	103
20181028	632	363	5	103
20181029	632	363	5	103
20181030	632	363	5	103
20181031	632	363	5	103
20181101	632	363	5	103
20181102	632	363	5	103
20181103	632	363	5	103
20181104	632	365	5	103
20181105	632	366	5	103
20181106	632	366	5	103
20181107	629	364	5	103
20181108	629	364	5	103
20181109	628	364	5	103
20181110	628	364	4	103
20181111	628	365	4	103
20181112	626	363	4	103
20181113	626	363	4	103
20181114	626	363	5	103
20181115	626	364	5	103
20181116	626	365	5	103
20181117	626	365	5	103
20181118	625	365	5	103
20181119	624	364	5	102
20181120	624	364	5	102
20181121	625	364	4	102
20181122	625	364	4	102
20181123	625	364	4	102
20181124	625	367	4	102
20181125	625	367	4	102
20181126	625	367	4	102
20181127	625	367	4	102
20181128	625	367	4	102
20181129	625	367	4	102
20181130	625	367	4	102
20181201	625	367	4	102
20181202	625	367	4	102
20181203	625	368	4	102
20181204	626	369	4	102
20181205	626	369	4	102
20181206	626	369	4	102
20181207	562	369	4	102
20181208	563	370	4	102
20181209	563	370	4	102
20181210	563	370	4	102
20181211	562	369	4	102
20181212	561	368	4	102
20181213	561	368	4	102
20181214	561	370	4	102
20181215	561	370	4	102
20181216	561	371	4	102
20181217	561	371	4	102
20181218	561	371	4	102
20181219	561	371	4	102
20181220	561	371	4	102
20181221	561	371	4	102
20181222	559	370	4	102
20181223	556	369	4	102
