# ISO-Datum	Mitgl	stimmb	Quelle
20080122	25
20080405	29
20080406	30
#20080607	15		https://wiki.piratenpartei.de/2008-06-07_-_Gr%C3%BCndungsversammlung_Landesverband_Rheinland-Pfalz
20080615	30		https://wiki.piratenpartei.de/RP:2008-06-15_-_1._Vorstandssitzung
20080629	38		https://wiki.piratenpartei.de/RP:2008-06-29_-_2._Vorstandssitzung#Top_5:_Mitgliederverwaltung
20080824	44		https://wiki.piratenpartei.de/RP:2008-08-24_-_5._Vorstandssitzung#Top_2:_Mitgliederverwaltung
20080921	44		https://wiki.piratenpartei.de/RP:2008-09-21_-_7._Vorstandssitzung#Top_2:_Mitgliederverwaltung
20081102	45		https://wiki.piratenpartei.de/RP:2008-11-02_-_9._Vorstandssitzung#Top_1:_Linksjugend_.28solid.27.29
20081206	45
20081209	44
20090111	41		https://wiki.piratenpartei.de/RP:2009-01-11_-_11._Vorstandssitzung#Top_2:_Mitgliederverwaltung
20090125	40		https://wiki.piratenpartei.de/RP:2009-01-25_-_12._Vorstandssitzung#Top_2:_Mitgliederverwaltung
20090322	38		https://wiki.piratenpartei.de/RP:2009-03-22_-_Vorstandstelko#Top_2:_Mitgliederverwaltung
20090407	40
20090517	58
20090530	60
20090531	60		https://wiki.piratenpartei.de/RP:2009-05-31_-_15._Vorstandssitzung#Top_1:_Bericht_GenSek
20090610	66
20090612	77
20090615	80
20090616	83
20090617	87
20090622	107
20090623	124
20090626	146
20090629	161
20090702	173
20090707	184
20090712	201		https://wiki.piratenpartei.de/RP:2009-07-12_-_16._Vorstandssitzung#Top_1:_Mitgliederstand
20090717	213
20090725	233
20090730	241
20090804	250
20090809	257		https://wiki.piratenpartei.de/RP:2009-08-09_-_17._Vorstandssitzung#Top_3:_Mitgliederstand.2F_Bericht_GenSek
20090810	267
20090814	276
20090816	279
20090821	288
20090822	296
20090824	301
20090825	303
20090827	305
20090828	312
20090830	320
20090831	322
20090901	325
20090902	331
20090904	337
20090906	341		https://wiki.piratenpartei.de/RP:2009-09-06_-_19._Vorstandssitzung#Top_2:_Mitgliederstand_.2F_Bericht_GenSek
20090909	349
20090910	355
20090914	362
20090917	381
20090918	383
20090921	390
20090924	408
20090925	421
20090927	430
20090928	441
20090930	462
20091002	473		https://wiki.piratenpartei.de/RP:2009-10-04_-_21._Vorstandssitzung#Top_1:_Mitgliederstand_.2F_Bericht_GenSek
20091006	479
20091007	481
20091010	487
20091017	490
20091023	495
20091030	501
20091101	501		https://wiki.piratenpartei.de/RP:2009-11-01_-_22._Vorstandssitzung#Top_1:_Mitgliederstand_.2F_Bericht_GenSek
20091109	502
20091122	502
20091206	507		https://wiki.piratenpartei.de/RP:2009-12-06_-_23._Vorstandssitzung#Top_1:_Mitgliederstand_.2F_Bericht_GenSek
20091209	503
20091213	506
20100103	507		https://wiki.piratenpartei.de/RP:2010-01-03_-_24._Vorstandssitzung#Mitgliederstand_.2F_Bericht_GenSek
20100116	507
20100120	508
20100129	511
20100205	515
20100207	515		https://wiki.piratenpartei.de/RP:2010-02-07_-_27._Vorstandssitzung#Top_1:_Mitgliederstand_.2F_Bericht_GenSek
20100210	511
20100220	512
20100228	516		https://wiki.piratenpartei.de/RP:2010-02-28_-_28._Vorstandssitzung#Top_1:_Mitgliederstand_.2F_Bericht_GenSek
20100307	516		https://wiki.piratenpartei.de/RP:2010-03-07_-_29._Vorstandssitzung#Top_1:_Mitgliederstand_.2F_Bericht_GenSek
20100321	514		https://wiki.piratenpartei.de/RP:2010-03-21_-_30._Vorstandssitzung#Top_1:_Mitgliederstand_.2F_Bericht_GenSek
20100411	517		https://wiki.piratenpartei.de/RP:2010-04-11_-_31._Vorstandssitzung#Top_1:_Mitgliederstand_.2F_Bericht_GenSek
20100418	517		https://wiki.piratenpartei.de/RP:2010-04-18_-_32._Vorstandssitzung#Top_1:_Mitgliederstand_.2F_Bericht_GenSek
20100502	515		https://wiki.piratenpartei.de/RP:2010-05-02_-_33._Vorstandssitzung#Top_1:_Mitgliederstand_.2F_Bericht_GenSek
20100530	520		https://wiki.piratenpartei.de/RP:2010-05-30_-_34._Vorstandssitzung#Top_1:_Mitgliederstand_.2F_Bericht_GenSek
20100606	521		https://wiki.piratenpartei.de/RP:2010-06-06_-_35._Vorstandssitzung#Top_1:_Mitgliederstand_.2F_Bericht_GenSek
20100608	499
20100623	501
20100704	498		https://wiki.piratenpartei.de/RP:2010-07-04_-_37._Vorstandssitzung#Top_1:_Mitgliederstand_.2F_Bericht_GenSek
20100801	498		https://wiki.piratenpartei.de/RP:2010-08-01_-_38._Vorstandssitzung#Top_1:_Mitgliederstand_.2F_Bericht_GenSek
20100804	498
20100806	500
20100815	499		https://wiki.piratenpartei.de/RP:2010-08-15_-_39._Vorstandssitzung#Top_1:_Mitgliederstand_.2F_Bericht_GenSek
20100823	505
20100831	510
20100919	511		https://wiki.piratenpartei.de/RP:2010-09-19_-_41._Vorstandssitzung#Top_2:_Mitgliederstand_.2F_Bericht_GenSek
20101003	512		https://wiki.piratenpartei.de/RP:2010-10-03_-_42._Vorstandssitzung#Top_2:_Mitgliederstand_.2F_Bericht_GenSek
20101017	518		https://wiki.piratenpartei.de/RP:2010-10-17_-_43._Vorstandssitzung#Top_2:_Mitgliederstand_.2F_Bericht_GenSek
20101107	515		https://wiki.piratenpartei.de/RP:2010-11-07_-_44._Vorstandssitzung#Top_2:_Mitgliederstand_.2F_Bericht_GenSek
20101128	513		https://wiki.piratenpartei.de/RP:2010-11-28_-_45._Vorstandssitzung#Top_2:_Mitgliederstand_.2F_Bericht_GenSek
20101212	512		https://wiki.piratenpartei.de/RP:2010-12-12_-_46._Vorstandssitzung#TOP_1:_Genehmigung_des_vorhergehenden_Protokolls
20101219	514		https://wiki.piratenpartei.de/RP:2010-12-19_-_47._Vorstandssitzung#Top_3:_Bericht_GenSek
20110116	509		https://wiki.piratenpartei.de/RP:2011-01-16_-_49._Vorstandssitzung#Top_2:_Bericht_GenSek
20110206	507		https://wiki.piratenpartei.de/RP:2011-02-06_-_50._Vorstandssitzung#Top_2:_Bericht_GenSek
20110221	509		https://wiki.piratenpartei.de/RP:2011-02-21_-_51._Vorstandssitzung#Top_2:_Bericht_GenSek
20110306	514		https://wiki.piratenpartei.de/RP:2011-03-06_-_52._Vorstandssitzung#Top_3:_Bericht_GenSek
20110324	516		https://wiki.piratenpartei.de/RP:2011-03-24_-_53._Vorstandssitzung
20110417	524		https://wiki.piratenpartei.de/RP:2011-04-17_-_55._Vorstandssitzung
20110501	524		https://wiki.piratenpartei.de/RP:2011-05-01_-_56._Vorstandssitzung
20110516			https://wiki.piratenpartei.de/RP:2011-05-16_-_57._Vorstandssitzung
20110605	523		https://wiki.piratenpartei.de/RP:2011-06-05_-_58._Vorstandssitzung
20110619	525		https://wiki.piratenpartei.de/RP:2011-06-19_-_59._Vorstandssitzung
20110706	526		https://wiki.piratenpartei.de/RP:2011-07-06_-_60._Vorstandssitzung#Top_2:_Mitgliederstand_.2F_Bericht_GenSek
20110707	526		http://vorstand.piratenpartei.de/2011/07/11/protokoll-zur-vorstandssitzung-2011-07-07/#Aktuelle_Kennzahlen
20110717	526		https://wiki.piratenpartei.de/RP:2011-07-17_-_61._Vorstandssitzung#Top_2:_Mitgliederstand_.2F_Bericht_GenSek
20110807	525		https://wiki.piratenpartei.de/RP:2011-08-07_-_62_Vorstandssitzung#Top_2:_Mitgliederstand_.2F_Bericht_GenSek
20110821	525		https://wiki.piratenpartei.de/RP:2011-08-21_-_63_Vorstandssitzung#Top_2:_Mitgliederstand_.2F_Bericht_GenSek
20110904	525		https://wiki.piratenpartei.de/RP:2011-09-04_-_64_Vorstandssitzung#Top_2:_Mitgliederstand_.2F_Bericht_GenSek
20110915	526		http://vorstand.piratenpartei.de/2011/09/27/protokoll-zur-vorstandssitzung-2011-15-09/#Aktuelle_Kennzahlen
20110919	526		https://wiki.piratenpartei.de/RP:2011-09-19_-_65._Vorstandssitzung#Top_2:_Mitgliederstand_.2F_Bericht_GenSek
20110929	574		http://vorstand.piratenpartei.de/2011/10/03/protokoll-zur-vorstandssitzung-2011-09-29/#Aktuelle_Kennzahlen
20111002	585		http://twitter.com/PiratenMainz/status/120422027793408000
#20111002	585		https://wiki.piratenpartei.de/RP:Landesparteitag_2011.3/Protokoll#5._T.C3.A4tigkeitsbericht_der_Vorstandsmitglieder_und_Bericht_Landesfinanzausschuss
20111009	609		https://wiki.piratenpartei.de/RP:2011-10-09_-_66._Vorstandssitzung#Top_2:_Mitgliederstand_.2F_Bericht_GenSek
#20111013	591		http://vorstand.piratenpartei.de/2011/10/27/protokoll-zur-vorstandssitzung-2011-10-13/
20111023	645		https://wiki.piratenpartei.de/RP:2011-10-23_-_67._Vorstandssitzung#Top_2:_Mitgliederstand_.2F_Bericht_GenSek
20111106	678		https://wiki.piratenpartei.de/RP:2011-11-06_-_68._Vorstandssitzung#Top_2:_Mitgliederstand_.2F_Bericht_GenSek
20111120	704		https://wiki.piratenpartei.de/RP:2011-11-20_-_69._Vorstandssitzung#Top_2:_Mitgliederstand_.2F_Bericht_GenSek
20111204	726		http://piratenpartei.wortgewalt.de/docs/bpt112/
20111211	741		https://wiki.piratenpartei.de/RP:2011-12-11_-_70._Vorstandssitzung#Top_2:_Mitgliederstand_.2F_Bericht_GenSek
20120108	774		https://wiki.piratenpartei.de/RP:2012-01-08_-_73._Vorstandssitzung#Top_2:_Mitgliederstand_.2F_Bericht_GenSek
20120115	777		https://wiki.piratenpartei.de/RP:2012-01-15_-_74._Vorstandssitzung#Top_2:_Mitgliederstand_.2F_Bericht_GenSek
20120205	791		https://wiki.piratenpartei.de/RP:2012-02-05_-_75._Vorstandssitzung#Top_2:_Mitgliederstand_.2F_Bericht_GenSek
20120219	795		https://wiki.piratenpartei.de/RP:2012-02-19_-_76._Vorstandssitzung#Top_2:_Mitgliederstand_.2F_Bericht_GenSek
20120304	809		https://wiki.piratenpartei.de/RP:2012-03-04_-_77._Vorstandssitzung#Top_2:_Mitgliederstand_.2F_Bericht_GenSek
20120318	847		https://wiki.piratenpartei.de/RP:2012-03-18_-_78._Vorstandssitzung#Top_2:_Mitgliederstand_.2F_Bericht_GenSek
20120401	881		https://wiki.piratenpartei.de/RP:2012-04-01_-_79._Vorstandssitzung#Top_2:_Mitgliederstand_.2F_Bericht_GenSek
20120407	916
# 20120409	881	https://wiki.piratenpartei.de/RP:2012-04-01_-_79._Vorstandssitzung#Top_2:_Mitgliederstand_.2F_Bericht_GenSek
20120415	935		https://wiki.piratenpartei.de/RP:2012-04-15_-_80._Vorstandssitzung#Top_2:_Mitgliederstand_.2F_Bericht_GenSek
20120429	1031		https://wiki.piratenpartei.de/Bundesparteitag_2012.1#Akkreditierungsstatistik
20120508	1061		https://wiki.piratenpartei.de/RP:2012-05-08_-_81._Vorstandssitzung#Top_2:_Mitgliederstand_.2F_Bericht_GenSek
20120603	1112		https://wiki.piratenpartei.de/RP:2012-06-03_-_84._Vorstandssitzung#TOP_2:_Berichte
20120704	1134		https://wiki.piratenpartei.de/RP:2012-07-04_-_86._Vorstandssitzung#TOP_2:_Berichte
20120715	1153		https://wiki.piratenpartei.de/RP:2012-07-15_-_87._Vorstandssitzung#TOP_2:_Berichte
20120731	1108
20120809	1160		https://wiki.piratenpartei.de/RP:2012-08-05_-_88._Vorstandssitzung#TOP_2:_Berichte
20120819	1154		https://wiki.piratenpartei.de/RP:2012-08-19_-_89._Vorstandssitzung#TOP_2:_Berichte
20120825	1155
20120902	1162		https://wiki.piratenpartei.de/RP:2012-09-02_-_90._Vorstandssitzung#Top_2:_Berichte
20120920	1167		https://wiki.piratenpartei.de/RP:2012-09-20_-_91._Vorstandssitzung#Top_2:_Berichte
20120921	1179
20121007	1191		https://wiki.piratenpartei.de/RP:2012-10-07_-_92._Vorstandssitzung#Top_2:_Berichte
20121013	1192
20121021	1196		https://wiki.piratenpartei.de/RP:2012-10-21_-_93._Vorstandssitzung#Top_2:_Berichte
20121023	1194
20121027	1223	798	http://www.machmaldieaugenauf.de/2012/10/27/vorbereitung-der-bpt-akkreditierung/
20121028	1194		https://wiki.piratenpartei.de/RP:2012-10-28_-_94._Vorstandssitzung#Top_2:_Berichte
20121105	1196	830	http://www.machmaldieaugenauf.de/2012/10/27/vorbereitung-der-bpt-akkreditierung/
20121111	1194	890	http://www.machmaldieaugenauf.de/2012/10/27/vorbereitung-der-bpt-akkreditierung/
20121111	1194		https://wiki.piratenpartei.de/RP:2012-11-11_-_96._Vorstandssitzung#Top_2:_Berichte
20121118	1194	900	http://www.machmaldieaugenauf.de/2012/10/27/vorbereitung-der-bpt-akkreditierung/
20121118	1194		https://wiki.piratenpartei.de/RP:2012-11-18_-_97._Vorstandssitzung#Top_2:_Berichte
20121120	1190
20121122	1189
20121125	1189	923	http://www.machmaldieaugenauf.de/2012/11/22/infos-zur-akkreditierung-beim-piraten-bundesparteitag-2012-2-bpt122/
20121128	1189	923	http://www.machmaldieaugenauf.de/2012/11/28/abschliesende-statistiken-bpt122/
20121202	1186		https://wiki.piratenpartei.de/RP:2012-12-02_-_98._Vorstandssitzung#Top_2:_Berichte
20121209	1181	914
20121213	1183	914
20121216	1183	955	https://wiki.piratenpartei.de/RP:2012-12-16_-_99._Vorstandssitzung#Top_2:_Berichte
20121229	1166	943
20121231	1166		https://wiki.piratenpartei.de/RP:2013-01-06_-_100._Vorstandssitzung#Top_2:_Berichte
20130102	1166	961
20130103	1145	0
20130106	1146	70	https://wiki.piratenpartei.de/RP:2013-01-06_-_100._Vorstandssitzung#Top_2:_Berichte
20130115	1145	109
20130120	1141		https://wiki.piratenpartei.de/RP:2013-01-20_-_101._Vorstandssitzung#Top_2:_Berichte
20130125	1145	150
20130201	1138	181
20130203	1138	194	https://wiki.piratenpartei.de/RP:2013-02-03_-_102._Vorstandssitzung#Top_2:_Berichte
20130217	1128	745	https://wiki.piratenpartei.de/RP:2013-02-17_-_103._Vorstandssitzung#Top_2:_Berichte
20130220	1120	750
20130226	1117	749
20130227	1108	746
20130303	1108	746	https://wiki.piratenpartei.de/RP:2013-03-03_-_104._Vorstandssitzung#Top_2:_Berichte
20130311	1102	752
20130313	1099	757
20130317	1100	757	https://wiki.piratenpartei.de/RP:2013-03-17_-_105._Vorstandssitzung#Top_2:_Berichte
20130326	1099	750
20130401	1094	754
20130420	1080	777	https://wiki.piratenpartei.de/RP:2013-04-21_-_107._Vorstandssitzung#Top_2:_Berichte
20130421	1079	795
20130422	1076	795	http://www.machmaldieaugenauf.de/2013/04/22/vorbereitung-der-akkreditierung-zum-bpt-in-neumarkt/
20130423	1075	797
20130428	1075	797	http://www.machmaldieaugenauf.de/2013/04/22/vorbereitung-der-akkreditierung-zum-bpt-in-neumarkt/
20130502	1068	793
20130505	1068	793	https://wiki.piratenpartei.de/RP:2013-05-05_-_108._Vorstandssitzung#Top_2:_Berichte
20130505	1068	793	http://www.machmaldieaugenauf.de/2013/04/22/vorbereitung-der-akkreditierung-zum-bpt-in-neumarkt/
20130509	1070	798
20130512	1067	801	http://www.machmaldieaugenauf.de/2013/05/08/infos-zur-akkreditierung-beim-piraten-bundesparteitag-2013-2-bpt131/
20130513	1067	801	http://www.machmaldieaugenauf.de/2013/05/13/abschliesende-statistiken-bpt131/
20130518	1070	805
20130527	1070	807
20130603	1070	807	https://wiki.piratenpartei.de/RP:2013-06-03_-_109._Vorstandssitzung#Top_2:_Berichte
20130612	1065
20130615	1052
20130618	1051	813	https://wiki.piratenpartei.de/RP:2013-06-18_-_111._Vorstandssitzung#Top_2:_Berichte
20130625	1050	815
20130702	1061	821	https://wiki.piratenpartei.de/RP:2013-07-02_-_112._Vorstandssitzung#Top_2:_Berichte
20130716	1050	815	https://wiki.piratenpartei.de/RP:2013-07-16_-_113._Vorstandssitzung#Top_2:_Berichte
20130724	970	817
20130806	972	818	https://wiki.piratenpartei.de/RP:2013-08-06_-_114._Vorstandssitzung#Top_2:_Berichte
20130903	971	817	https://wiki.piratenpartei.de/RP:2013-09-03_-_116._Vorstandssitzung#Top_2:_Berichte
20130917	967	813	https://wiki.piratenpartei.de/RP:2013-09-17_-_117._Vorstandssitzung#Top_2:_Berichte
20131001	968	809	https://wiki.piratenpartei.de/RP:2013-10-01_-_118._Vorstandssitzung#Top_2:_Berichte
20131015	965	815	https://wiki.piratenpartei.de/RP:2013-10-15_-_119._Vorstandssitzung#Top_2:_Berichte
20131026	948	807	http://www.machmaldieaugenauf.de/2013/10/26/vorbereitung-der-akkreditierung-zum-bpt-in-bremen/
20131105	946	813	https://wiki.piratenpartei.de/RP:2013-11-05_-_120._Vorstandssitzung#Top_2:_Berichte
20131118	935	805	http://www.machmaldieaugenauf.de/2013/10/26/vorbereitung-der-akkreditierung-zum-bpt-in-bremen/
20131119	948	813	https://wiki.piratenpartei.de/RP:2013-11-19_-_121._Vorstandssitzung#Top_2:_Berichte
20131123	949	816	http://www.machmaldieaugenauf.de/2013/10/26/vorbereitung-der-akkreditierung-zum-bpt-in-bremen/
20131201	947	815	http://www.machmaldieaugenauf.de/2013/12/02/abschliessende-statistiken-zum-bpt132/
20131203	951	818	https://wiki.piratenpartei.de/RP:2013-12-03_-_122._Vorstandssitzung#Top_2:_Berichte
20131211	906	818
20131217	907	820	https://wiki.piratenpartei.de/RP:2013-12-17_-_123._Vorstandssitzung#Top_2:_Berichte
#20140105	874		http://blog.alexzinser.de/?p=90
20140105	876	560	http://www.machmaldieaugenauf.de/2014/02/10/abschliessende-akkreditierungsstatistiken-zum-bpt141-und-zur-av-eu/
20140107	875	567	https://wiki.piratenpartei.de/RP:2014-01-07_-_124._Vorstandssitzung#Top_2:_Berichte
20140121	872	578	https://wiki.piratenpartei.de/RP:2014-01-21_-_125._Vorstandssitzung#Top_2:_Berichte
20140204	871	582	https://wiki.piratenpartei.de/RP:2014-02-04_-_126._Vorstandssitzung#Top_2:_Berichte
20140218	870	599	https://wiki.piratenpartei.de/RP:2014-02-18_-_127._Vorstandssitzung#Top_2:_Berichte
20140225	865	597
20140314	864	602	https://wiki.piratenpartei.de/RP:2014-03-04_-_129._Vorstandssitzung#Top_2:_Berichte
20140318	861	612	https://wiki.piratenpartei.de/RP:2014-03-18_-_130._Vorstandssitzung#Top_2:_Berichte
20140321		615
20140322	860	617
20140401	856	630	https://wiki.piratenpartei.de/RP:2014-04-01_-_131._Vorstandssitzung#Top_2:_Berichte
20140415	847	627	https://wiki.piratenpartei.de/RP:2014-04-15_-_132._Vorstandssitzung#Top_2:_Berichte
20140427	844	626
20140506	838	640	https://wiki.piratenpartei.de/RP:2014-05-06_-_133._Vorstandssitzung#Top_2:_Berichte
20140601	831	646	https://wiki.piratenpartei.de/RP:2014-06-01_-_135._Vorstandssitzung#Top_3:_Berichte
20140615	828	645	https://wiki.piratenpartei.de/RP:2014-06-15_-_136._Vorstandssitzung#Top_2:_Berichte
20140706	825	645	https://wiki.piratenpartei.de/RP:2014-07-06_-_137._Vorstandssitzung#Top_2:_Berichte
20140720	822	642	https://wiki.piratenpartei.de/RP:2014-07-20_-_138._Vorstandssitzung#Top_2:_Berichte
20140803	816	639	https://wiki.piratenpartei.de/RP:2014-08-03_-_139._Vorstandssitzung#Top_3:_Berichte
20140817	814	637	https://wiki.piratenpartei.de/RP:2014-08-17_-_140._Vorstandssitzung#Top_2:_Berichte
20140828	815		https://twitter.com/H3rmi/status/505047264071790592/photo/1
20140907	810	633	https://wiki.piratenpartei.de/RP:2014-09-07_-_141._Vorstandssitzung#Top_2:_Berichte
20140911	810	631	https://twitter.com/H3rmi/status/510137422357995520/photo/1
20140921	810	625	https://wiki.piratenpartei.de/RP:2014-09-21_-_142._Vorstandssitzung#Top_2:_Berichte
20140925	801	627	https://twitter.com/H3rmi/status/515199307776266240/photo/1
20140927	810	635
20141005	798	624	https://wiki.piratenpartei.de/RP:2014-10-05_-_143._Vorstandssitzung#Top_2:_Berichte
20141009	739	621
20141019	739	623	https://wiki.piratenpartei.de/RP:2014-10-19_-_144._Vorstandssitzung#Top_2:_Berichte
20141023	740	624	https://twitter.com/Bundes_GenSek/status/525300116002181120
20141101	736	622
20141104	738	622	https://wiki.piratenpartei.de/RP:2014-11-04_-_145._Vorstandssitzung#Top_1:_Berichte
20141116	732	618	https://wiki.piratenpartei.de/RP:2014-11-16_-_146._Vorstandssitzung#Top_1:_Berichte
20141207	728	614	https://wiki.piratenpartei.de/RP:2014-12-07_-_147._Vorstandssitzung#Top_1:_Berichte
20141221	719	605	https://wiki.piratenpartei.de/RP:2014-12-21_-_149._Vorstandssitzung#Top_1:_Berichte
20150118	697	24	https://wiki.piratenpartei.de/RP:2015-01-18_-_151._Vorstandssitzung#Top_1:_Berichte
20150128	688	452
20150201	687	451	https://wiki.piratenpartei.de/RP:2015-02-01_-_152._Vorstandssitzung#Top_1:_Berichte
20150302	671	423	https://wiki.piratenpartei.de/RP:2015-03-02_-_154._Vorstandssitzung
20150310	671	423
20150312	671	424	http://vorstand.piratenpartei.de/2015/03/12/neues-aus-der-mitgliederverwaltung/
20150326	671	428	http://vorstand.piratenpartei.de/2015/03/26/neues-aus-der-mitgliederverwaltung-2/
20150409	672	429	http://vorstand.piratenpartei.de/2015/04/09/neues-aus-der-mitgliederverwaltung-3/
20150507	669	432	http://vorstand.piratenpartei.de/2015/05/07/neues-aus-der-mitgliederverwaltung-4/#
20150601	666	427
#
# https://wiki.piratenpartei.de/Kategorie:Protokoll_RLP_Vorstand
20150608	663	420	1	49	scraped from http://finanzen.piratenpartei.de/statistik.php
20150609	663	420	1	49	scraped
20150610	661	422	1	49	scraped
20150611	660	421	1	49	scraped
20150612	658	423	2	48	scraped
20150613	657	423	2	48	scraped
20150614	657	423	2	48	scraped
20150615	657	424	2	48	scraped
20150616	657	434	2	48	scraped
20150617	657	434	2	48	scraped
20150618	657	437	2	48	scraped
20150619	656	450	2	48	scraped
20150620	656	450	2	48	scraped
20150621	656	454	2	48	scraped
20150622	656	454	2	48	scraped
20150623	656	454	2	48	scraped
20150624	656	454	2	48	scraped
20150625	656	454	2	48	scraped
20150626	657	454	2	48	scraped
20150627	657	454	2	48	scraped
20150628	657	454	2	48	scraped
20150629	657	454	2	48	scraped
20150630	657	454	2	48	scraped
20150701	657	454	2	48	scraped
20150702	657	454	2	48	scraped
20150703	657	454	2	48	scraped
20150704	658	455	1	48	scraped
20150705	658	455	1	48	scraped
20150706	658	455	1	48	scraped
20150707	658	455	1	48	scraped
20150708	658	455	1	48	scraped
20150709	658	458	1	48	scraped
20150710	566	458	1	48	scraped
20150711	567	458	0	48	scraped
20150712	567	459	0	48	scraped
20150713	567	459	0	48	scraped
20150714	568	460	0	48	scraped
20150715	568	460	0	48	scraped
20150716	568	462	0	48	scraped
20150717	568	462	0	48	scraped
20150718	568	462	0	48	scraped
20150719	568	462	0	48	scraped
20150720	568	462	0	48	scraped
20150721	566	461	3	48	scraped
20150722	565	460	3	48	scraped
20150723	565	466	3	48	scraped
20150724	565	466	3	48	scraped
20150725	565	466	3	48	scraped
20150726	565	466	3	48	scraped
20150727	565	466	3	48	scraped
20150728	565	466	3	48	scraped
20150729	565	466	3	48	scraped
20150730	565	466	3	48	scraped
20150731	565	466	3	48	scraped
20150801	565	466	3	48	scraped
20150802	565	466	3	48	scraped
20150803	564	466	3	48	scraped
20150804	561	464	3	47	scraped
20150805	561	464	3	47	scraped
20150806	564	464	0	47	scraped
20150807	564	464	0	47	scraped
20150808	564	464	0	47	scraped
20150809	564	465	0	47	scraped
20150810	564	465	0	47	scraped
20150811	564	465	0	47	scraped
20150812	564	465	0	47	scraped
20150813	564	465	0	47	scraped
20150814	564	465	0	47	scraped
20150815	564	465	0	47	scraped
20150816	564	465	0	47	scraped
20150817	563	464	0	47	scraped
20150818	563	464	0	47	scraped
20150819	562	463	0	47	scraped
20150820	562	463	0	47	scraped
20150821	562	463	0	47	scraped
20150822	562	463	0	47	scraped
20150823	560	461	1	47	scraped
20150824	562	462	0	47	scraped
20150825	561	461	0	47	scraped
20150826	561	461	0	47	scraped
20150827	561	461	0	47	scraped
20150828	561	461	0	47	scraped
20150829	561	461	0	47	scraped
20150830	561	464	0	47	scraped
20150831	561	464	0	47	scraped
20150901	561	464	0	47	scraped
20150902	561	465	0	47	scraped
20150903	560	465	0	47	scraped
20150904	557	465	0	47	scraped
20150905	557	465	0	47	scraped
20150906	557	465	0	47	scraped
20150907	557	465	0	47	scraped
20150908	558	466	0	48	scraped
20150909	557	466	2	48	scraped
20150910	558	466	3	48	scraped
20150911	557	466	3	48	scraped
20150912	557	466	3	48	scraped
20150913	556	466	3	48	scraped
20150914	556	466	3	48	scraped
20150915	557	466	4	48	scraped
20150916	556	466	4	48	scraped
20150917	556	466	4	48	scraped
20150918	555	466	4	48	scraped
20150919	555	466	4	48	scraped
20150920	555	466	4	48	scraped
20150921	555	466	4	48	scraped
20150922	555	468	4	48	scraped
20150923	554	467	4	48	scraped
20150924	555	469	5	48	scraped
20150925	556	469	5	48	scraped
20150926	555	468	5	48	scraped
20150927	555	477	5	48	scraped
20150928	555	478	5	48	scraped
20150929	555	478	5	48	scraped
20150930	555	478	5	48	scraped
20151001	555	478	5	48	scraped
20151002	555	478	5	48	scraped
20151003	558	480	2	48	scraped
20151004	559	484	2	48	scraped
20151005	559	484	2	48	scraped
20151006	559	484	2	48	scraped
20151007	560	486	2	49	scraped
20151008	560	486	2	49	scraped
20151009	559	485	2	49	scraped
20151010	558	484	2	49	scraped
20151011	557	483	2	49	scraped
20151012	557	484	2	49	scraped
20151013	557	484	2	49	scraped
20151014	557	484	2	49	scraped
20151015	557	485	2	49	scraped
20151016	557	485	2	49	scraped
20151017	557	485	2	49	scraped
20151018	557	491	2	49	scraped
20151019	557	490	2	49	scraped
20151020	558	490	1	49	scraped
20151021	558	490	1	49	scraped
20151022	558	491	1	49	scraped
20151023	558	491	1	49	scraped
20151024	558	491	1	49	scraped
20151025	556	489	1	49	scraped
20151026	556	489	1	49	scraped
20151027	556	489	1	49	scraped
20151028	556	489	1	49	scraped
20151029	556	489	1	49	scraped
20151030	556	489	1	49	scraped
20151031	556	490	1	49	scraped
20151101	556	491	1	49	scraped
20151102	556	491	1	49	scraped
20151103	556	491	1	49	scraped
20151104	556	491	1	49	scraped
20151105	556	491	1	49	scraped
20151106	556	491	1	49	scraped
20151107	556	491	1	49	scraped
20151108	556	491	1	49	scraped
20151109	557	491	1	49	scraped
20151110	555	489	1	49	scraped
20151111	555	489	1	49	scraped
20151112	555	489	1	49	scraped
20151113	555	489	1	49	scraped
20151114	555	489	1	49	scraped
20151115	555	489	1	49	scraped
20151116	555	489	1	49	scraped
20151117	555	489	1	49	scraped
20151118	554	488	1	48	scraped
20151119	554	488	1	48	scraped
20151120	554	488	1	48	scraped
20151121	554	489	1	48	scraped
20151122	554	489	1	48	scraped
20151123	551	487	1	48	scraped
20151124	551	487	1	48	scraped
20151125	551	487	1	48	scraped
20151126	550	486	1	48	scraped
20151127	550	486	1	48	scraped
20151128	550	485	1	48	scraped
20151129	550	485	1	48	scraped
20151130	550	485	1	48	scraped
20151201	550	485	1	48	scraped
20151202	550	486	1	48	scraped
20151203	551	486	1	49	scraped
20151204	551	486	1	49	scraped
20151205	551	487	1	49	scraped
20151206	550	487	1	49	scraped
20151207	550	488	1	49	scraped
20151208	550	488	1	49	scraped
20151209	547	487	1	49	scraped
20151210	547	487	1	49	scraped
20151211	547	487	1	49	scraped
20151212	547	487	1	49	scraped
20151213	547	487	1	49	scraped
20151214	546	486	1	49	scraped
20151215	546	486	1	49	scraped
20151216	546	486	1	49	scraped
20151217	545	486	0	49	scraped
20151218	545	486	0	49	scraped
20151219	542	484	0	49	scraped
20151220	542	484	0	49	scraped
20151221	542	484	0	49	scraped
20151222	542	484	0	49	scraped
20151223	541	483	0	49	scraped
20151224	540	482	0	49	scraped
20151225	540	482	0	49	scraped
20151226	540	482	0	49	scraped
20151227	540	482	0	49	scraped
20151228	538	480	0	49	scraped
20151229	538	480	0	49	scraped
20151230	538	480	0	49	scraped
20151231	531	473	0	49	scraped
20160101	531	5	0	49	scraped
20160102	530	362	0	48	scraped
20160103	531	355	0	48	scraped
20160104	531	352	0	48	scraped
20160105	530	351	0	48	scraped
20160106	530	351	1	48	scraped
20160107	529	350	1	48	scraped
20160108	529	350	1	48	scraped
20160109	528	345	1	47	scraped
20160110	528	350	1	47	scraped
20160111	528	350	1	47	scraped
20160112	528	348	1	47	scraped
20160113	528	344	1	47	scraped
20160114	528	343	1	47	scraped
20160115	528	344	1	47	scraped
20160116	528	343	1	47	scraped
20160117	528	342	1	47	scraped
20160118	528	342	1	47	scraped
20160119	528	342	1	47	scraped
20160120	528	342	1	47	scraped
20160121	528	355	1	47	scraped
20160122	528	356	1	47	scraped
20160123	527	354	1	47	scraped
20160124	527	355	0	47	scraped
20160125	527	356	0	47	scraped
20160126	527	356	0	47	scraped
20160127	527	356	0	47	scraped
20160128	527	356	0	47
20160129	527	356	0	47
20160130	527	356	0	47
20160131	527	356	0	47
20160201	527	356	0	47
20160202	528	356	0	47
20160203	528	356	0	47
20160204	528	356	0	47
20160205	528	356	0	47
20160206	528	356	0	47
20160207	528	355	0	47
20160208	528	356	0	47
20160209	530	357	1	47
20160210	530	358	0	47
20160211	530	358	0	47
20160212	530	358	0	47
20160213	530	358	0	47
20160214	529	359	0	47
20160215	529	359	0	47
20160216	529	359	0	47
20160217	529	359	0	47
20160218	529	365	0	47
20160219	529	368	0	47
20160220	528	373	1	47
20160221	528	374	1	47
20160222	528	374	1	47
20160223	527	373	1	47
20160224	527	376	1	47
20160225	527	376	1	47
20160226	528	376	0	47
20160227	528	376	0	47
20160228	528	377	0	47
20160229	528	377	0	47
20160301	528	377	0	47
20160302	527	377	0	47
20160303	527	377	0	47
20160304	525	375	0	47
20160305	525	375	0	47
20160306	525	375	0	47
20160307	525	376	0	47
20160308	525	377	0	47
20160309	525	377	0	47
20160310	524	377	0	47
20160311	524	377	0	47
20160312	524	377	0	47
20160313	524	377	0	47
20160314	524	377	0	47
20160315	524	377	0	47
20160316	525	378	1	47
20160317	522	376	1	47
20160318	521	375	1	47
20160319	521	375	1	47
20160320	521	375	1	47
20160321	521	375	1	47
20160322	521	375	1	47
20160323	520	374	1	47
20160324	521	374	2	47
20160325	521	374	2	47
20160326	521	374	2	47
20160327	520	375	1	47
20160328	520	375	1	47
20160329	520	375	1	47
20160330	520	375	1	47
20160331	519	374	1	47
20160401	519	374	1	47
20160402	519	374	1	47
20160403	520	375	0	47
20160404	520	376	0	47
20160405	520	376	0	47
20160406	520	376	0	47
20160407	520	376	0	47
20160408	520	376	0	47
20160409	520	376	0	47
20160410	516	372	0	47
20160411	516	372	0	47
20160412	516	372	0	47
20160413	516	372	0	47
20160414	516	372	1	47
20160415	516	373	1	47
20160416	517	374	0	47
20160417	517	374	0	47
20160418	517	374	0	47
20160419	517	374	0	47
20160420	517	374	0	47
20160421	517	376	0	47
20160422	517	376	0	47
20160423	517	377	0	47
20160424	517	379	0	47
20160425	517	379	0	47
20160426	517	379	0	47
20160427	517	379	0	47
20160428	517	379	0	47
20160429	517	379	0	47
20160430	513	375	0	47
20160501	514	376	0	47
20160502	515	377	1	47
20160503	515	376	1	47
20160504	514	376	1	47
20160505	515	376	0	47
20160506	515	377	0	47
20160507	515	377	0	47
20160508	515	377	0	47
20160509	514	376	0	47
20160510	514	376	0	47
20160511	514	376	0	47
20160512	515	377	0	47
20160513	515	377	0	47
20160514	515	377	0	47
20160515	515	376	0	47
20160516	515	376	0	47
20160517	515	376	0	47
20160518	515	376	0	47
20160519	515	376	0	47
20160520	515	376	0	47
20160521	514	377	0	47
20160522	514	377	0	47
20160523	514	377	0	47
20160524	514	377	0	47
20160525	514	377	0	47
20160526	514	377	0	47
20160527	514	377	0	47
20160528	514	377	0	47
20160529	514	377	0	47
20160530	514	377	0	47
20160531	514	377	0	47
20160601	514	377	0	47
20160602	514	377	0	47
20160603	514	377	0	47
20160604	514	377	0	47
20160605	514	377	0	47
20160606	514	377	0	47
20160607	514	377	0	47
20160608	514	377	0	47
20160609	514	377	0	47
20160610	514	377	0	47
20160611	514	377	0	47
20160612	514	377	0	47
20160613	514	377	0	47
20160614	512	376	0	47
20160615	512	376	0	47
20160616	512	376	0	47
20160617	512	376	0	47
20160618	512	376	0	47
20160619	512	376	0	47
20160620	511	375	0	47
20160621	511	375	0	47
20160622	511	375	0	47
20160623	511	375	0	47
20160624	511	375	0	47
20160625	511	375	0	47
20160626	511	375	0	47
20160627	511	375	0	47
20160628	511	375	0	47
20160629	511	375	0	47
20160630	511	375	0	47
20160701	511	375	0	47
20160702	511	375	0	47
20160703	511	375	0	47
20160704	511	375	0	47
20160705	511	375	0	47
20160706	511	375	0	47
20160707	511	375	0	47
20160708	511	375	0	47
20160709	511	375	0	47
20160710	510	374	0	47
20160711	510	374	0	47
20160712	510	374	1	47
20160713	510	374	1	47
20160714	510	375	1	47
20160715	510	375	1	47
20160716	509	374	1	47
20160717	509	374	1	47
20160718	509	374	1	47
20160719	510	374	0	47
20160720	508	372	0	47
20160721	508	372	0	47
20160722	507	372	0	47
20160723	507	372	0	47
20160724	507	372	0	47
20160725	507	372	0	47
20160726	507	372	0	47
20160727	507	371	0	47
20160728	507	371	0	47
20160729	507	371	0	47
20160730	507	371	0	47
20160731	507	371	0	47
20160801	507	371	0	47
20160802	507	371	0	47
20160803	507	371	0	47
20160804	506	371	0	47
20160805	507	371	1	47
20160806	507	371	1	47
20160807	507	371	1	47
20160808	507	371	1	47
20160809	507	371	1	47
20160810	507	371	1	47
20160811	507	371	1	47
20160812	507	371	1	47
20160813	507	371	1	47
20160814	507	371	1	47
20160815	507	371	1	47
20160816	507	371	1	47
20160817	506	371	1	47
20160818	506	371	1	47
20160819	506	371	1	47
20160820	506	371	1	47
20160821	506	371	1	47
20160822	506	371	1	47
20160823	506	371	1	47
20160824	506	371	1	47
20160825	507	372	0	47
20160826	507	372	0	47
20160827	507	373	0	47
20160828	507	373	0	47
20160829	507	373	0	47
20160830	507	373	0	47
20160831	507	373	0	47
20160901	507	373	0	47
20160902	507	373	0	47
20160903	507	373	0	47
20160904	507	373	0	47
20160905	507	373	0	47
20160906	507	373	0	47
20160907	506	373	0	47
20160908	506	373	0	47
20160909	506	373	0	47
20160910	506	373	0	47
20160911	506	373	0	47
20160912	506	373	0	47
20160913	506	373	0	47
20160914	506	373	0	47
20160915	506	373	0	47
20160916	506	373	0	47
20160917	506	373	0	47
20160918	504	372	0	47
20160919	504	374	0	47
20160920	504	374	0	47
20160921	502	372	0	47
20160922	501	371	0	46
20160923	500	370	0	46
20160924	500	370	0	46
20160925	500	370	0	46
20160926	500	370	0	46
20160927	500	370	0	46
20160928	500	370	0	46
20160929	498	369	0	46
20160930	498	369	0	46
20161001	498	370	0	46
20161002	498	370	0	46
20161003	497	369	0	46
20161004	497	369	0	46
20161005	497	369	0	46
20161006	497	369	0	46
20161007	497	369	0	46
20161008	497	369	0	46
20161009	497	369	0	46
20161010	497	369	0	46
20161011	497	372	0	46
20161012	497	372	0	46
20161013	496	371	0	46
20161014	496	371	0	46
20161015	496	371	0	46
20161016	496	371	0	46
20161017	496	371	0	46
20161018	496	371	0	46
20161019	495	370	0	46
20161020	495	370	0	46
20161021	494	369	0	46
20161022	494	369	0	46
20161023	494	369	0	46
20161024	494	369	0	46
20161025	494	369	0	46
20161026	494	369	0	46
20161027	494	369	0	46
20161028	494	370	0	46
20161029	494	370	0	46
20161030	494	370	0	46
20161031	494	370	0	46
20161101	494	370	0	46
20161102	494	370	0	46
20161103	494	370	0	46
20161104	494	370	0	46
20161105	494	370	0	46
20161106	494	371	0	46
20161107	494	371	0	46
20161108	494	371	0	46
20161109	494	371	0	46
20161110	494	371	0	46
20161111	494	371	0	46
20161112	494	371	0	46
20161113	494	371	0	46
20161114	494	371	0	46
20161115	494	371	0	46
20161116	493	371	0	46
20161117	493	371	0	46
20161118	492	370	0	46
20161119	492	370	0	46
20161120	492	370	0	46
20161121	492	370	0	46
20161122	490	368	0	46
20161123	490	368	0	46
20161124	490	368	0	46
20161125	490	368	0	46
20161126	490	368	1	46
20161127	490	368	1	46
20161128	490	368	1	46
20161129	490	368	1	46
20161130	490	368	1	46
20161201	490	368	1	46
20161202	489	367	1	46
20161203	489	367	1	46
20161204	489	367	1	46
20161205	489	367	1	46
20161206	489	367	1	46
20161207	489	367	1	46
20161208	488	366	1	46
20161209	488	366	1	46
20161210	488	367	1	46
20161211	488	367	1	46
20161212	488	367	1	46
20161213	487	366	1	46
20161214	487	366	1	46
20161215	487	366	1	46
20161216	487	366	1	46
20161217	487	366	1	46
20161218	485	364	1	46
20161219	485	364	1	46
20161220	485	364	1	46
20161221	485	364	1	46
20161222	485	364	1	46
20161223	485	364	1	46
20161224	484	363	1	46
20161225	484	363	1	46
20161226	484	363	1	46
20161227	484	363	1	46
20161228	484	363	1	46
20161229	483	362	1	46
20161230	482	361	1	46
20161231	472	351	1	46
20170101	471	2	1	46
20170102	471	3	1	46
20170103	469	3	1	46
20170104	469	3	1	46
20170105	469	3	1	46
20170106	469	3	1	46
20170107	469	3	1	46
20170108	469	3	1	46
20170109	469	3	1	46
20170110	469	3	1	46
20170111	469	3	1	46
20170112	466	282	1	46
20170113	466	282	1	46
20170114	464	281	1	46
20170115	464	281	1	46
20170116	463	281	1	46
20170117	461	279	1	46
20170118	461	280	1	46
20170119	461	280	1	46
20170120	462	280	1	46
20170121	462	280	1	46
20170122	462	280	1	46
20170123	462	267	1	46
20170124	462	267	1	46
20170125	462	267	1	46
20170126	458	265	1	45
20170127	458	269	1	45
20170128	458	269	1	45
20170129	458	269	1	45
20170130	458	269	1	45
20170131	458	269	1	45
20170201	458	269	1	45
20170202	458	269	1	45
20170203	457	269	1	45
20170204	457	269	1	45
20170205	457	269	1	45
20170206	457	269	1	45
20170207	457	269	1	45
20170208	457	271	1	45
20170209	456	277	1	45
20170210	456	277	1	45
20170211	456	280	1	45
20170212	456	279	0	45
20170213	456	281	0	45
20170214	456	281	0	45
20170215	456	281	0	45
20170216	456	285	0	45
20170217	456	285	0	45
20170218	456	285	0	45
20170219	456	285	0	45
20170220	456	285	0	45
20170221	456	285	0	45
20170222	455	285	0	45
20170223	455	285	0	45
20170224	455	286	0	45
20170225	455	286	0	45
20170226	456	286	1	45
20170227	456	286	1	45
20170228	456	286	1	45
20170301	456	286	1	45
20170302	454	286	2	45
20170303	454	286	2	45
20170304	454	286	2	45
20170305	454	286	2	45
20170306	454	286	2	45
20170307	454	286	2	45
20170308	454	286	2	45
20170309	455	289	1	45
20170310	455	289	1	45
20170311	454	289	1	45
20170312	454	289	1	45
20170313	454	289	1	45
20170314	454	289	1	45
20170315	454	289	1	45
20170316	454	289	1	45
20170317	455	293	0	45
20170318	455	293	0	45
20170319	455	294	0	45
20170320	455	294	0	45
20170321	455	301	1	45
20170322	455	301	1	45
20170323	455	302	1	45
20170324	455	302	1	45
20170325	455	301	1	45
20170326	455	301	1	45
20170327	455	301	1	45
20170328	455	301	1	45
20170329	455	301	1	45
20170330	454	300	1	45
20170331	454	300	1	45
20170401	454	300	1	45
20170402	454	300	1	45
20170403	454	300	1	45
20170404	454	300	1	45
20170405	454	300	1	45
20170406	454	300	1	45
20170407	453	306	0	45
20170408	453	306	0	45
20170409	452	305	0	45
20170410	452	305	0	45
20170411	452	307	0	45
20170412	452	307	0	45
20170413	452	307	0	45
20170414	452	307	0	45
20170415	452	307	0	45
20170416	452	307	0	45
20170417	452	307	0	45
20170418	452	307	0	45
20170419	452	307	0	45
20170420	452	307	0	45
20170421	452	307	0	45
20170422	452	307	0	45
20170423	452	307	0	45
20170424	452	307	0	45
20170425	452	307	0	45
20170426	452	307	0	45
20170427	452	307	0	45
20170428	452	307	0	45
20170429	452	307	0	45
20170430	453	311	0	45
20170501	453	311	0	45
20170502	453	311	0	45
20170503	453	311	0	45
20170504	453	311	0	45
20170505	453	311	0	45
20170506	453	311	0	45
20170507	453	311	0	45
20170508	453	311	0	45
20170509	451	311	0	45
20170510	451	311	0	45
20170511	451	312	0	45
20170512	451	312	0	45
20170513	451	312	0	45
20170514	451	312	0	45
20170515	448	311	0	44
20170516	448	311	0	44
20170517	448	311	0	44
20170518	448	311	0	44
20170519	445	309	0	44
20170520	444	308	0	44
20170521	444	308	0	44
20170522	444	308	0	44
20170523	444	308	0	44
20170524	444	308	0	44
20170525	444	308	0	44
20170526	444	308	0	44
20170527	443	308	0	44
20170528	443	308	0	44
20170529	441	307	0	44
20170530	441	307	0	44
20170531	440	306	0	44
20170601	440	306	0	44
20170602	440	306	0	44
20170603	440	306	0	44
20170604	440	306	0	44
20170605	440	306	0	44
20170606	440	306	0	44
20170607	440	306	0	44
20170608	440	306	2	44
20170609	440	306	2	44
20170610	440	306	2	44
20170611	440	306	2	44
20170612	440	306	2	44
20170613	440	306	2	44
20170614	440	305	1	44
20170615	440	305	1	44
20170616	439	304	1	44
20170617	439	304	1	44
20170618	439	304	1	44
20170619	439	304	1	44
20170620	439	304	1	44
20170621	439	304	1	44
20170622	438	303	1	44
20170623	438	303	1	44
20170624	438	303	1	44
20170625	438	303	1	44
20170626	438	303	1	44
20170627	438	303	1	44
20170628	438	303	1	44
20170629	438	303	1	44
20170630	438	303	1	44
20170701	438	303	1	44
20170702	438	303	1	44
20170703	438	303	1	44
20170704	438	303	1	44
20170705	438	303	1	44
20170706	438	303	1	44
20170707	439	304	1	44
20170708	439	304	1	44
20170709	439	304	1	44
20170710	439	304	1	44
20170711	439	304	1	44
20170712	439	304	1	44
20170713	439	304	1	44
20170714	439	304	1	44
20170715	439	304	1	44
20170716	439	304	1	44
20170717	439	304	1	44
20170718	439	304	1	44
20170719	439	304	1	44
20170720	439	304	1	44
20170721	439	305	1	44
20170722	439	305	1	44
20170723	439	305	2	44
20170724	439	305	2	44
20170725	439	305	2	44
20170726	439	305	2	44
20170727	438	304	2	44
20170728	438	304	2	44
20170729	438	303	1	44
20170730	438	303	1	44
20170731	440	304	0	44
20170801	440	304	0	44
20170802	440	304	0	44
20170803	440	304	0	44
20170804	441	305	0	44
20170805	441	305	0	44
20170806	441	305	0	44
20170807	441	305	0	44
20170808	441	305	0	44
20170809	441	305	0	44
20170810	441	305	0	44
20170811	441	305	0	44
20170812	440	304	0	44
20170813	440	304	0	44
20170814	440	304	0	44
20170815	440	304	0	44
20170816	440	304	0	44
20170817	440	304	0	44
20170818	440	304	0	44
20170819	440	304	0	44
20170820	440	304	0	44
20170821	440	304	0	44
20170822	440	304	0	44
20170823	440	304	0	44
20170824	440	304	0	44
20170825	439	305	0	44
20170826	439	305	0	44
20170827	439	305	0	44
20170828	439	305	0	44
20170829	439	305	0	44
20170830	439	305	0	44
20170831	439	306	1	44
20170901	439	306	1	44
20170902	439	306	1	44
20170903	439	306	1	44
20170904	439	306	1	44
20170905	439	306	1	44
20170906	439	306	1	44
20170907	439	306	1	44
20170908	439	306	1	44
20170909	439	306	1	44
20170910	439	306	1	44
20170911	439	306	1	44
20170912	439	306	1	44
20170913	439	306	1	44
20170914	439	307	1	44
20170915	439	307	1	44
20170916	439	307	1	44
20170917	439	307	1	44
20170918	439	308	1	44
20170919	439	308	1	44
20170920	439	308	1	44
20170921	439	308	1	44
20170922	439	308	1	44
20170923	437	306	1	44
20170924	437	306	1	44
20170925	437	306	1	44
20170926	437	306	1	44
20170927	437	306	1	44
20170928	437	306	1	44
20170929	437	306	1	44
20170930	437	306	1	44
20171001	437	306	1	44
20171002	437	306	1	44
20171003	437	306	1	44
20171004	437	306	1	44
20171005	437	306	1	44
20171006	437	306	1	44
20171007	437	306	1	44
20171008	437	306	1	44
20171009	437	306	1	44
20171010	437	306	1	44
20171011	437	306	1	44
20171012	437	306	1	44
20171013	437	306	1	44
20171014	437	306	1	44
20171015	437	306	1	44
20171016	437	306	1	44
20171017	437	306	1	44
20171018	437	306	1	44
20171019	432	301	5	44
20171020	432	301	5	44
20171021	431	300	5	44
20171022	431	300	5	44
20171023	431	300	5	44
20171024	431	300	5	44
20171025	431	300	5	44
20171026	431	300	5	44
20171027	431	300	5	44
20171028	431	300	5	44
20171029	431	300	5	44
20171030	431	300	5	44
20171031	431	300	5	44
20171101	431	300	5	44
20171102	431	300	5	44
20171103	431	300	5	44
20171104	431	300	5	44
20171105	430	299	5	44
20171106	430	299	5	44
20171107	430	299	5	44
20171108	430	299	5	44
20171109	430	299	5	44
20171110	430	299	5	44
20171111	430	299	5	44
20171112	430	299	5	44
20171113	430	299	5	44
20171114	430	299	5	44
20171115	430	299	5	44
20171116	430	299	5	44
20171117	430	299	5	44
20171118	430	299	5	44
20171119	430	299	5	44
20171120	430	299	5	44
20171121	430	299	5	44
20171122	430	299	5	44
20171123	430	299	5	44
20171124	430	299	7	44
20171125	430	299	7	44
20171126	429	298	7	44
20171127	429	298	7	44
20171128	429	298	7	44
20171129	429	298	7	44
20171130	429	298	7	44
20171201	429	298	7	44
20171202	429	298	7	44
20171203	429	298	7	44
20171204	429	298	8	44
20171205	428	297	8	44
20171206	427	296	8	44
20171207	427	296	8	44
20171208	427	296	8	44
20171209	427	296	8	44
20171210	427	296	8	44
20171211	427	296	8	44
20171212	426	295	8	44
20171213	426	295	8	44
20171214	426	295	8	44
20171215	426	296	8	44
20171216	427	296	7	44
20171217	427	296	7	44
20171218	426	295	7	44
20171219	426	295	7	44
20171220	418	287	7	44
20171221	415	285	7	44
20171222	415	285	7	44
20171223	415	285	7	44
20171224	415	285	7	44
20171225	415	285	7	44
20171226	415	285	7	44
20171227	415	285	7	44
20171228	415	285	7	44
20171229	415	285	7	44
20171230	416	285	7	44
20171231	411	280	7	43
20180102	411	2	7	43
20180103	411	2	7	43
20180104	409	227	7	43
20180105	408	226	7	43
20180106	406	225	7	43
20180107	406	225	7	43
20180108	406	226	7	43
20180109	407	226	8	43
20180110	406	226	8	43
20180111	406	225	8	43
20180112	406	221	8	43
20180113	406	223	8	43
20180114	406	227	8	43
20180115	406	228	8	43
20180116	406	227	8	43
20180117	406	227	8	43
20180118	406	227	8	43
20180119	406	227	8	43
20180120	406	227	7	43
20180121	406	228	7	43
20180122	406	228	7	43
20180123	401	226	7	43
20180124	400	226	7	43
20180125	400	225	7	43
20180126	400	225	7	43
20180127	398	225	7	43
20180128	398	225	7	43
20180129	398	231	7	43
20180130	398	231	7	43
20180131	398	232	8	43
20180201	398	232	8	43
20180202	398	232	8	43
20180203	397	231	9	43
20180204	395	230	9	43
20180205	395	230	9	43
20180206	395	230	9	43
20180207	394	230	9	43
20180208	394	230	9	43
20180209	394	230	9	43
20180210	394	232	9	43
20180211	394	232	9	43
20180212	394	232	9	43
20180213	394	232	9	43
20180214	394	233	9	43
20180215	393	234	9	43
20180216	393	232	9	43
20180217	391	232	9	43
20180218	391	233	9	43
20180219	391	233	9	43
20180220	391	233	9	43
20180221	391	233	9	43
20180222	391	233	9	43
20180223	391	233	9	43
20180224	391	233	9	43
20180225	391	233	9	43
20180226	389	231	7	43
20180227	389	231	7	43
20180228	389	231	7	43
20180301	389	231	7	43
20180302	388	229	7	43
20180303	388	229	7	43
20180304	388	229	7	43
20180305	388	229	7	43
20180306	388	229	7	43
20180307	388	229	7	43
20180308	388	229	7	43
20180309	388	230	7	43
20180310	387	229	7	43
20180311	387	229	7	43
20180312	387	229	7	43
20180313	387	229	8	43
20180314	387	229	8	43
20180315	387	229	8	43
20180316	387	229	8	43
20180317	387	229	9	43
20180318	387	229	9	43
20180319	387	229	9	43
20180320	386	229	8	43
20180321	387	230	8	43
20180322	387	230	8	43
20180323	387	230	8	43
20180324	387	230	8	43
20180325	387	230	8	43
20180326	387	230	8	43
20180327	387	230	8	43
20180328	388	230	7	43
20180329	388	230	7	43
20180330	388	230	7	43
20180331	388	230	7	43
20180401	388	230	7	43
20180402	388	230	7	43
20180403	379	231	6	43
20180404	379	231	6	43
20180405	379	231	6	43
20180406	379	231	6	43
20180407	379	231	6	43
20180408	381	231	4	43
20180409	381	231	4	43
20180410	381	231	4	43
20180411	381	231	4	43
20180412	381	232	4	43
20180413	381	232	4	43
20180414	381	232	4	43
20180415	381	232	4	43
20180416	381	232	4	43
20180417	381	232	4	43
20180418	381	232	4	43
20180419	381	233	4	43
20180420	381	233	4	43
20180421	381	233	4	43
20180422	381	233	4	43
20180423	381	235	4	43
20180424	381	235	4	43
20180425	381	235	4	43
20180426	381	235	4	43
20180427	381	235	4	43
20180428	381	235	4	43
20180429	381	235	4	43
20180430	381	235	4	43
20180501	381	235	4	43
20180502	381	235	4	43
20180503	381	235	4	43
20180504	381	235	4	43
20180505	381	235	4	43
20180506	381	235	4	43
20180507	381	235	4	43
20180508	381	235	4	43
20180509	381	235	4	43
20180510	381	235	4	43
20180511	381	236	4	43
20180512	382	237	4	43
20180513	382	237	4	43
20180514	382	237	4	43
20180515	382	237	4	43
20180516	382	237	4	43
20180517	382	238	4	43
20180518	382	238	4	43
20180519	382	238	4	43
20180520	382	238	4	43
20180521	382	238	4	43
