# ISO-Datum	Mitgl	Schatz	Quelle
20080122	25
20080405	29
20080406	30
20081206	45
20081209	44
20090407	40
20090517	58
20090530	60
20090610	66
20090612	77
20090615	80
20090616	83
20090617	87
20090622	107
20090623	124
20090626	146
20090629	161
20090702	173
20090707	184
20090717	213
20090725	233
20090730	241
20090804	250
20090810	267
20090814	276
20090816	279
20090821	288
20090822	296
20090824	301
20090825	303
20090827	305
20090828	312
20090830	320
20090831	322
20090901	325
20090902	331
20090904	337
20090906	341
20090909	349
20090910	355
20090914	362
20090917	381
20090918	383
20090921	390
20090924	408
20090925	421
20090927	430
20090928	441
20090930	462
20091002	473
20091006	479
20091007	481
20091010	487
20091017	490
20091023	495
20091030	501
20091109	502
20091122	502
20091209	503
20091213	506
20100116	507
20100120	508
20100129	511
20100205	515
20100210	511
20100220	512
20100228	516
20100530	520
20100608	499
20100623	501
20100804	498
20100806	500
20100823	505
20100831	510
20101107	515
20110324	516
20110417	524
