# ISO-Datum	Mitgl	stimmb	Quelle
20080122	6
20080405	7
20090505	8
20090526	9
20090602	10
20090614	14
20090624	37		https://wiki.piratenpartei.de/SL:2009-06-24_Gr%C3%BCndungssitzung
20090901	58
20090927	68
20091020	108
20091108	110
20091122	110
20100131	111
20100314	104		https://wiki.piratenpartei.de/SL:Termine/Vorstandssitzungen/2010-03-14#TOP_6:_Sonstiges
20100322	106		https://wiki.piratenpartei.de/SL:Termine/Vorstandssitzungen/2010-03-22#TOP_5:_Infos_aus_unserem_LV
20100426	97		https://wiki.piratenpartei.de/SL:Termine/Vorstandssitzungen/2010-04-26#TOP_1b:_Kennzahlen
20100510	97		https://wiki.piratenpartei.de/SL:Termine/Vorstandssitzungen/2010-05-10#TOP_7:_Kennzahlen
20100607	90		https://wiki.piratenpartei.de/SL:Termine/Vorstandssitzungen/2010-06-07#TOP_6:_Kennzahlen
20100619	90		https://wiki.piratenpartei.de/SL:Termine/Vorstandssitzungen/2010-06-19#TOP_4:_Kennzahlen
20100705	90		https://wiki.piratenpartei.de/SL:Termine/Vorstandssitzungen/2010-07-05#TOP_5:_Kennzahlen
20100724	89
20100731	89		https://wiki.piratenpartei.de/SL:Termine/Vorstandssitzungen/2010-07-31#TOP_10:_Kennzahlen
20100816	89		https://wiki.piratenpartei.de/SL:Termine/Vorstandssitzungen/2010-08-16#TOP_6:_Kennzahlen
20100918	89		https://wiki.piratenpartei.de/SL:Termine/Vorstandssitzungen/2010-09-18#TOP_8:_Kennzahlen
20101012	90		https://wiki.piratenpartei.de/SL:Termine/Vorstandssitzungen/2010-10-12#TOP_12:_Kennzahlen
20101017	90		https://wiki.piratenpartei.de/SL:Termine/Vorstandssitzungen/2010-10-17#TOP_9:_Kennzahlen
20101025	89		https://wiki.piratenpartei.de/SL:Termine/Vorstandssitzungen/2010-10-25#TOP_6_:_Kennzahlen
20101108	89		https://wiki.piratenpartei.de/SL:Termine/Vorstandssitzungen/2010-11-08#TOP_7:_Kennzahlen
20101114	89		https://wiki.piratenpartei.de/SL:Termine/Vorstandssitzungen/2010-11-14#TOP_4:_Kennzahlen
20101122	89		https://wiki.piratenpartei.de/SL:Termine/Vorstandssitzungen/2010-11-22#TOP_3:_Kennzahlen
20101213	89		https://wiki.piratenpartei.de/SL:Termine/Vorstandssitzungen/2010-12-13#TOP_5_:_Kennzahlen
20110206	86		https://wiki.piratenpartei.de/SL:Termine/Vorstandssitzungen/2011-02-06#TOP_4_:_Kennzahlen
20110220	86		https://wiki.piratenpartei.de/SL:Termine/Vorstandssitzungen/2011-02-20#TOP_6:_Kennzahlen
#20110306	90		https://wiki.piratenpartei.de/SL:Termine/Vorstandssitzungen/2011-03-06#TOP_5:_Kennzahlen
20110320	87		https://wiki.piratenpartei.de/SL:Termine/Vorstandssitzungen/2011-03-20#TOP_6:_Kennzahlen
20110403	87		https://wiki.piratenpartei.de/SL:Termine/Vorstandssitzungen/2011-04-03
20110417	87		https://wiki.piratenpartei.de/SL:Termine/Vorstandssitzungen/2011-04-17
20110501	87		https://wiki.piratenpartei.de/SL:Termine/Vorstandssitzungen/2011-05-01
20110529	88		https://wiki.piratenpartei.de/SL:Termine/Vorstandssitzungen/2011-05-29#TOP_10:_Kennzahlen
20110707	91		http://vorstand.piratenpartei.de/2011/07/11/protokoll-zur-vorstandssitzung-2011-07-07/#Aktuelle_Kennzahlen
20110710	90		https://wiki.piratenpartei.de/SL:Termine/Vorstandssitzungen/2011-07-10#TOP_8:_Kennzahlen
20110809	72		https://wiki.piratenpartei.de/SL:Termine/Vorstandssitzungen/2011-08-09#TOP_5:_Kennzahlen
20110821	72		https://wiki.piratenpartei.de/SL:Termine/Vorstandssitzungen/2011-08-21#TOP_8:_Kennzahlen
20110904	72		https://wiki.piratenpartei.de/SL:Termine/Vorstandssitzungen/2011-09-04#TOP_5:_Kennzahlen
20110915	94		http://vorstand.piratenpartei.de/2011/09/27/protokoll-zur-vorstandssitzung-2011-15-09/#Aktuelle_Kennzahlen
20110929	102		http://vorstand.piratenpartei.de/2011/10/03/protokoll-zur-vorstandssitzung-2011-09-29/#Aktuelle_Kennzahlen
20111002	131		https://wiki.piratenpartei.de/SL:Termine/Vorstandssitzungen/2011-10-02#TOP_18:_Kennzahlen
20111011	162
#20111013	154		http://vorstand.piratenpartei.de/2011/10/27/protokoll-zur-vorstandssitzung-2011-10-13/
20111016	161		https://wiki.piratenpartei.de/SL:Termine/Vorstandssitzungen/2011-10-16#TOP_7:_Kennzahlen
20111111	174		https://wiki.piratenpartei.de/SL:Termine/Vorstandssitzungen/2011-11-11#TOP_8:_Kennzahlen
20111114	200
#20111118	200		https://wiki.piratenpartei.de/SL:Termine/Vorstandssitzungen/2011-11-18#TOP_11:_Kennzahlen
20111202	221		https://wiki.piratenpartei.de/SL:Termine/Vorstandssitzungen/2011-12-02#TOP_15:_Kennzahlen
#20111204	210		http://piratenpartei.wortgewalt.de/docs/bpt112/
20120113	229		https://wiki.piratenpartei.de/SL:Termine/Vorstandssitzungen/2012-01-13#TOP_13:_Kennzahlen
20120126	266
20120127	277		https://wiki.piratenpartei.de/SL:Termine/Vorstandssitzungen/2012-01-27#Kennzahlen
20120129	293
20120130	302
20120203	303		https://wiki.piratenpartei.de/SL:Termine/Vorstandssitzungen/2012-02-03#TOP_14:_Kennzahlen
#20120210	314		https://wiki.piratenpartei.de/SL:Termine/Vorstandssitzungen/2012-02-10#TOP_12:_Kennzahlen
20120210	315
20120217	324		https://wiki.piratenpartei.de/SL:Termine/Vorstandssitzungen/2012-02-17#TOP_22_Kennzahlen
20120218	327
20120224	332		https://wiki.piratenpartei.de/SL:Termine/Vorstandssitzungen/2012-02-24#TOP_16:_Kennzahlen
20120302	346		https://wiki.piratenpartei.de/SL:Termine/Vorstandssitzungen/2012-03-02#TOP_16_:_Kennzahlen
20120309	359		https://wiki.piratenpartei.de/SL:Termine/Vorstandssitzungen/2012-03-09#TOP_11:_Kennzahlen
20120320	378
20120322	381
20120323	383		https://wiki.piratenpartei.de/SL:Termine/Vorstandssitzungen/2012-03-23#TOP_5:_Kennzahlen
20120329	390
20120330	430		https://wiki.piratenpartei.de/SL:Termine/Vorstandssitzungen/2012-03-30#TOP_4:_Kennzahlen
20120403	437
20120404	440
20120412	457
20120420	464		https://wiki.piratenpartei.de/SL:Termine/Vorstandssitzungen/2012-04-20#TOP_28:_Kennzahlen
20120426	466		https://twitter.com/#!/onk3l/status/195518083979427840
20120429	467		https://wiki.piratenpartei.de/Bundesparteitag_2012.1#Akkreditierungsstatistik
20120511	474		https://wiki.piratenpartei.de/SL:Termine/Vorstandssitzungen/2012-05-11#TOP_23:_Kennzahlen
20120527	488
20120622	494		https://wiki.piratenpartei.de/SL:Landesvorstand/Vorstandssitzungen/2012-06-22#TOP_14:_Kennzahlen
20120706	500		https://wiki.piratenpartei.de/SL:Landesvorstand/Vorstandssitzungen/2012-07-06#TOP_8:_Kennzahlen
20120810	499		https://wiki.piratenpartei.de/SL:Landesvorstand/Vorstandssitzungen/2012-08-10#TOP_9:_Kennzahlen
20120813	500
20120817	501		https://wiki.piratenpartei.de/SL:Landesvorstand/Vorstandssitzungen/2012-08-17#TOP_4:_Kennzahlen
20120831	499		https://wiki.piratenpartei.de/SL:Landesvorstand/Vorstandssitzungen/2012-08-31#TOP_3:_Kennzahlen
20120911	498		https://wiki.piratenpartei.de/SL:Landesvorstand/Vorstandssitzungen/2012-09-11#TOP_4:_Kennzahlen
20120921	499		https://wiki.piratenpartei.de/SL:Landesvorstand/Vorstandssitzungen/2012-09-21#TOP_2:_Kennzahlen
20121002	499		https://wiki.piratenpartei.de/SL:Landesvorstand/Vorstandssitzungen/2012-10-02#TOP_2_:_Kennzahlen
20121012	500		https://wiki.piratenpartei.de/SL:Landesvorstand/Vorstandssitzungen/2012-10-12#TOP_3:_Kennzahlen
20121027	498	2	http://www.machmaldieaugenauf.de/2012/10/27/vorbereitung-der-bpt-akkreditierung/
20121030	493		https://wiki.piratenpartei.de/SL:Landesvorstand/Vorstandssitzungen/2012-10-30#TOP_3:_Kennzahlen
20121105	494	32	http://www.machmaldieaugenauf.de/2012/10/27/vorbereitung-der-bpt-akkreditierung/
20121111	496	248	http://www.machmaldieaugenauf.de/2012/10/27/vorbereitung-der-bpt-akkreditierung/
20121116	496		https://wiki.piratenpartei.de/SL:Landesvorstand/Vorstandssitzungen/2012-11-16#TOP_9:_Kennzahlen
20121118	496	248	http://www.machmaldieaugenauf.de/2012/10/27/vorbereitung-der-bpt-akkreditierung/
20121125	496	316	http://www.machmaldieaugenauf.de/2012/11/22/infos-zur-akkreditierung-beim-piraten-bundesparteitag-2012-2-bpt122/
20121128	496	316	http://www.machmaldieaugenauf.de/2012/11/28/abschliesende-statistiken-bpt122/
20121204	493		https://wiki.piratenpartei.de/SL:Landesvorstand/Vorstandssitzungen/2012-12-04#TOP_2:_Kennzahlen
20121231		222	https://wiki.piratenpartei.de/SL:Landesvorstand/Vorstandssitzungen/2013-12-02#TOP:_Kennzahlen
20121231	498		https://wiki.piratenpartei.de/SL:Landesvorstand/Vorstandssitzungen/2013-12-02#TOP:_Kennzahlen
20130108	487		https://wiki.piratenpartei.de/SL:Landesvorstand/Vorstandssitzungen/2013-01-08#TOP_3:_Kennzahlen
20130110	487
20130212	482		https://wiki.piratenpartei.de/SL:Landesvorstand/Vorstandssitzungen/2013-01-25#TOP_16:_Kennzahlen
20130301	480		https://wiki.piratenpartei.de/SL:Landesvorstand/Vorstandssitzungen/2013-03-01#TOP_3:_Kennzahlen
20130319	480		https://wiki.piratenpartei.de/SL:Landesvorstand/Vorstandssitzungen/2013-03-19#TOP_3:_Kennzahlen
20130405	479		https://wiki.piratenpartei.de/SL:Landesvorstand/Vorstandssitzungen/2013-04-05#TOP_3:_Kennzahlen
20130422	474	128	http://www.machmaldieaugenauf.de/2013/04/22/vorbereitung-der-akkreditierung-zum-bpt-in-neumarkt/
20130423	478	128
20130424	478		https://wiki.piratenpartei.de/SL:Landesvorstand/Vorstandssitzungen/2013-04-24#TOP_3:_Kennzahlen
20130428	472	128	http://www.machmaldieaugenauf.de/2013/04/22/vorbereitung-der-akkreditierung-zum-bpt-in-neumarkt/
20130505	472	142	http://www.machmaldieaugenauf.de/2013/04/22/vorbereitung-der-akkreditierung-zum-bpt-in-neumarkt/
20130512	474	154	http://www.machmaldieaugenauf.de/2013/05/08/infos-zur-akkreditierung-beim-piraten-bundesparteitag-2013-2-bpt131/
20130513	474	154	http://www.machmaldieaugenauf.de/2013/05/13/abschliesende-statistiken-bpt131/
20130514	479	151	https://wiki.piratenpartei.de/SL:Landesvorstand/Vorstandssitzungen/2013-05-14#TOP_3:_Kennzahlen
20130528	477	152	https://wiki.piratenpartei.de/SL:Landesvorstand/Vorstandssitzungen/2013-05-28#TOP_3:_Kennzahlen
20130614	478	173	https://wiki.piratenpartei.de/SL:Landesvorstand/Vorstandssitzungen/2013-06-14#TOP_3:_Kennzahlen
20130717	471	172	https://wiki.piratenpartei.de/SL:Landesvorstand/Vorstandssitzungen/2013-07-17#TOP_3:_Kennzahlen
20130724	470	172	https://wiki.piratenpartei.de/SL:Landesvorstand/Vorstandssitzungen/2013-07-24#TOP_3:_Kennzahlen
20130825	468	174	https://wiki.piratenpartei.de/SL:Landesvorstand/Vorstandssitzungen/2013-08-25#TOP_3:_Kennzahlen
20130918		208	https://wiki.piratenpartei.de/SL:Landesvorstand/Vorstandssitzungen/2013-09-18#TOP_2:_Kennzahlen
20131026	456	181	http://www.machmaldieaugenauf.de/2013/10/26/vorbereitung-der-akkreditierung-zum-bpt-in-bremen/
20131118	451	181	http://www.machmaldieaugenauf.de/2013/10/26/vorbereitung-der-akkreditierung-zum-bpt-in-bremen/
20131123	456	198	http://www.machmaldieaugenauf.de/2013/10/26/vorbereitung-der-akkreditierung-zum-bpt-in-bremen/
20131201	454	195	http://www.machmaldieaugenauf.de/2013/12/02/abschliessende-statistiken-zum-bpt132/
20131229	450	6	https://wiki.piratenpartei.de/SL:Landesvorstand/Vorstandssitzungen/2013-12-29#TOP_1:_Kennzahlen
#20140105	441		http://blog.alexzinser.de/?p=90
20140105	447	25	http://www.machmaldieaugenauf.de/2014/02/10/abschliessende-akkreditierungsstatistiken-zum-bpt141-und-zur-av-eu/
20140113	445	33	https://wiki.piratenpartei.de/SL:Landesvorstand/Vorstandssitzungen/2014-01-13#TOP_1:_Kennzahlen
20140128	431	40	https://wiki.piratenpartei.de/SL:Landesvorstand/Vorstandssitzungen/2014-01-28#TOP_1_Kennzahlen
20140224	438	61	https://wiki.piratenpartei.de/SL:Landesvorstand/Vorstandssitzungen/2014-02-24#TOP_1:_Kennzahlen
20140324	437	62	https://wiki.piratenpartei.de/SL:Landesvorstand/Vorstandssitzungen/2014-03-24#TOP:_Kennzahlen
20140406	436	63	https://wiki.piratenpartei.de/SL:Landesvorstand/Vorstandssitzungen/2014-04-07#TOP_1:_Kennzahlen
20140602	431	89	https://wiki.piratenpartei.de/SL:Landesvorstand/Vorstandssitzungen/2014-06-02#TOP_1:_Kennzahlen
20140617	435	91	https://wiki.piratenpartei.de/SL:Landesvorstand/Vorstandssitzungen/2014-06-17#TOP:_Kennzahlen
20140702	435	94	https://wiki.piratenpartei.de/SL:Landesvorstand/Vorstandssitzungen/2014-07-02#TOP:_Kennzahlen
20140714	433	94	https://wiki.piratenpartei.de/SL:Landesvorstand/Vorstandssitzungen/2014-07-14#TOP_1:_Kennzahlen
20140729	432	100	https://wiki.piratenpartei.de/SL:Landesvorstand/Vorstandssitzungen/2014-07-29#TOP_1_Kennzahlen
20140808	432	100
20140828	422		https://twitter.com/H3rmi/status/505047264071790592/photo/1
20140908	390	86	https://wiki.piratenpartei.de/SL:Landesvorstand/Vorstandssitzungen/2014-09-08#TOP_1_Kennzahlen
20140911	420	105	https://twitter.com/H3rmi/status/510137422357995520/photo/1
20140925	418	105	https://twitter.com/H3rmi/status/515199307776266240/photo/1
20141005	390	86
20141023	414	108	https://twitter.com/Bundes_GenSek/status/525300116002181120
20141215	407	103	https://wiki.piratenpartei.de/SL:Landesvorstand/Vorstandssitzungen/2014-12-15#TOP_3:_Zahlen
20141228	406	107	https://wiki.piratenpartei.de/SL:Landesvorstand/Vorstandssitzungen/2014-12-29#TOP_3:_Zahlen
20150112	402	9	https://wiki.piratenpartei.de/SL:Landesvorstand/Vorstandssitzungen/2015-01-12#TOP_3:_Zahlen
20150126	401	39	https://wiki.piratenpartei.de/SL:Landesvorstand/Vorstandssitzungen/2015-01-26#TOP_3:_Zahlen
20150128	399	38
20150209	397	40	https://wiki.piratenpartei.de/SL:Landesvorstand/Vorstandssitzungen/2015-02-09#TOP_3:_Zahlen
20150312	393	45	http://vorstand.piratenpartei.de/2015/03/12/neues-aus-der-mitgliederverwaltung/
20150326	359	46	http://vorstand.piratenpartei.de/2015/03/26/neues-aus-der-mitgliederverwaltung-2/
20150409	358	46	http://vorstand.piratenpartei.de/2015/04/09/neues-aus-der-mitgliederverwaltung-3/
20150507	358	50	http://vorstand.piratenpartei.de/2015/05/07/neues-aus-der-mitgliederverwaltung-4/#
#
# https://wiki.piratenpartei.de/Kategorie:Vorstandssitzungen_Saarland
# https://wiki.piratenpartei.de/SL:Termine/Vorstandssitzungen
20150608	354	53	1	25	scraped from http://finanzen.piratenpartei.de/statistik.php
20150609	354	53	1	25	scraped
20150610	354	53	1	25	scraped
20150611	354	53	1	25	scraped
20150612	354	53	1	25	scraped
20150613	354	53	1	25	scraped
20150614	354	53	0	25	scraped
20150615	354	53	0	25	scraped
20150616	354	53	0	25	scraped
20150617	354	53	0	25	scraped
20150618	354	53	0	25	scraped
20150619	354	53	0	25	scraped
20150620	354	60	0	25	scraped
20150621	353	60	0	25	scraped
20150622	353	60	0	25	scraped
20150623	353	60	0	25	scraped
20150624	353	60	0	25	scraped
20150625	353	60	0	25	scraped
20150626	353	60	0	25	scraped
20150627	353	60	0	25	scraped
20150628	353	60	0	25	scraped
20150629	353	60	0	25	scraped
20150630	353	60	0	25	scraped
20150701	353	60	2	25	scraped
20150702	353	60	2	25	scraped
20150703	353	60	2	25	scraped
20150704	353	60	2	25	scraped
20150705	353	60	2	25	scraped
20150706	353	60	2	25	scraped
20150707	353	61	2	25	scraped
20150708	353	61	2	25	scraped
20150709	353	63	2	25	scraped
20150710	352	63	2	25	scraped
20150711	353	63	1	25	scraped
20150712	353	63	1	25	scraped
20150713	353	63	1	25	scraped
20150714	353	63	1	25	scraped
20150715	353	64	1	25	scraped
20150716	353	64	1	25	scraped
20150717	353	64	1	25	scraped
20150718	353	64	1	25	scraped
20150719	353	64	1	25	scraped
20150720	353	64	1	25	scraped
20150721	353	64	1	25	scraped
20150722	353	64	1	25	scraped
20150723	353	65	1	25	scraped
20150724	353	65	1	25	scraped
20150725	353	65	1	25	scraped
20150726	353	65	1	25	scraped
20150727	353	65	1	25	scraped
20150728	353	65	1	25	scraped
20150729	353	65	1	25	scraped
20150730	353	65	1	25	scraped
20150731	353	65	1	25	scraped
20150801	353	65	1	25	scraped
20150802	353	65	1	25	scraped
20150803	352	65	1	25	scraped
20150804	352	65	1	25	scraped
20150805	352	65	1	25	scraped
20150806	352	65	1	25	scraped
20150807	352	65	1	25	scraped
20150808	352	65	1	25	scraped
20150809	352	66	1	25	scraped
20150810	352	66	1	25	scraped
20150811	352	66	1	25	scraped
20150812	352	66	1	25	scraped
20150813	352	66	1	25	scraped
20150814	352	66	1	25	scraped
20150815	352	66	1	25	scraped
20150816	352	66	1	25	scraped
20150817	352	66	1	25	scraped
20150818	352	66	1	25	scraped
20150819	352	66	1	25	scraped
20150820	352	66	1	25	scraped
20150821	352	66	1	25	scraped
20150822	352	66	1	25	scraped
20150823	352	66	1	25	scraped
20150824	352	66	1	25	scraped
20150825	352	66	1	25	scraped
20150826	352	66	1	25	scraped
20150827	352	66	1	25	scraped
20150828	350	64	1	25	scraped
20150829	350	64	1	25	scraped
20150830	350	64	1	25	scraped
20150831	350	64	1	25	scraped
20150901	350	64	1	25	scraped
20150902	350	64	1	25	scraped
20150903	350	64	1	25	scraped
20150904	350	64	1	25	scraped
20150905	350	64	1	25	scraped
20150906	350	64	1	25	scraped
20150907	350	64	1	25	scraped
20150908	350	64	2	25	scraped
20150909	350	64	2	25	scraped
20150910	350	64	2	25	scraped
20150911	350	64	2	25	scraped
20150912	350	64	2	25	scraped
20150913	350	64	2	25	scraped
20150914	350	64	2	25	scraped
20150915	350	64	2	25	scraped
20150916	350	64	2	25	scraped
20150917	350	64	2	25	scraped
20150918	350	64	2	25	scraped
20150919	350	64	2	25	scraped
20150920	350	64	2	25	scraped
20150921	350	64	2	25	scraped
20150922	350	64	2	25	scraped
20150923	349	64	2	25	scraped
20150924	349	64	2	25	scraped
20150925	349	64	2	25	scraped
20150926	349	64	2	25	scraped
20150927	349	64	2	25	scraped
20150928	349	64	2	25	scraped
20150929	349	64	2	25	scraped
20150930	349	64	2	25	scraped
20151001	349	64	2	25	scraped
20151002	349	64	2	25	scraped
20151003	349	64	2	25	scraped
20151004	349	65	2	25	scraped
20151005	349	65	2	25	scraped
20151006	349	65	2	25	scraped
20151007	349	65	2	25	scraped
20151008	349	65	2	25	scraped
20151009	349	66	2	25	scraped
20151010	349	66	2	25	scraped
20151011	349	66	2	25	scraped
20151012	349	66	2	25	scraped
20151013	349	66	2	25	scraped
20151014	349	66	2	25	scraped
20151015	349	66	2	25	scraped
20151016	349	66	2	25	scraped
20151017	349	66	2	25	scraped
20151018	349	66	2	25	scraped
20151019	349	66	2	25	scraped
20151020	349	66	2	25	scraped
20151021	349	66	2	25	scraped
20151022	349	66	2	25	scraped
20151023	349	67	2	25	scraped
20151024	349	67	2	25	scraped
20151025	349	67	2	25	scraped
20151026	349	67	2	25	scraped
20151027	348	67	2	25	scraped
20151028	348	67	2	25	scraped
20151029	348	67	2	25	scraped
20151030	348	67	2	25	scraped
20151031	346	67	2	25	scraped
20151101	346	67	2	25	scraped
20151102	346	67	2	25	scraped
20151103	346	67	2	25	scraped
20151104	345	67	2	25	scraped
20151105	345	67	2	25	scraped
20151106	345	67	2	25	scraped
20151107	345	67	2	25	scraped
20151108	345	67	2	25	scraped
20151109	345	67	2	25	scraped
20151110	345	67	2	25	scraped
20151111	345	67	2	25	scraped
20151112	345	67	2	25	scraped
20151113	345	67	2	25	scraped
20151114	345	67	2	25	scraped
20151115	345	67	2	25	scraped
20151116	345	67	2	25	scraped
20151117	345	67	2	25	scraped
20151118	345	68	2	25	scraped
20151119	345	68	2	25	scraped
20151120	345	68	2	25	scraped
20151121	345	68	2	25	scraped
20151122	345	68	2	25	scraped
20151123	345	68	2	25	scraped
20151124	345	68	2	25	scraped
20151125	345	68	2	25	scraped
20151126	344	68	2	25	scraped
20151127	344	69	2	25	scraped
20151128	344	69	2	25	scraped
20151129	344	69	2	25	scraped
20151130	344	69	2	25	scraped
20151201	344	69	2	25	scraped
20151202	344	69	2	25	scraped
20151203	344	69	2	25	scraped
20151204	344	69	2	25	scraped
20151205	344	69	2	25	scraped
20151206	343	69	2	25	scraped
20151207	343	69	1	25	scraped
20151208	343	69	1	25	scraped
20151209	344	71	1	25	scraped
20151210	344	71	1	25	scraped
20151211	344	71	1	25	scraped
20151212	344	71	1	25	scraped
20151213	344	71	1	25	scraped
20151214	344	71	1	25	scraped
20151215	344	71	1	25	scraped
20151216	344	71	1	25	scraped
20151217	344	71	1	25	scraped
20151218	344	71	1	25	scraped
20151219	344	71	1	25	scraped
20151220	344	71	1	25	scraped
20151221	343	71	1	25	scraped
20151222	343	71	1	25	scraped
20151223	343	71	1	25	scraped
20151224	343	71	1	25	scraped
20151225	343	71	1	25	scraped
20151226	343	71	1	25	scraped
20151227	343	71	1	25	scraped
20151228	343	72	1	25	scraped
20151229	343	72	0	25	scraped
20151230	343	72	0	25	scraped
20151231	331	63	0	23	scraped
20160101	330	4	0	22	scraped
20160102	330	28	0	22	scraped
20160103	330	28	0	22	scraped
20160104	329	28	0	22	scraped
20160105	329	28	0	22	scraped
20160106	329	28	0	22	scraped
20160107	329	28	0	22	scraped
20160108	329	28	0	22	scraped
20160109	329	32	0	22	scraped
20160110	329	32	0	22	scraped
20160111	329	32	0	22	scraped
20160112	329	32	0	22	scraped
20160113	329	32	0	22	scraped
20160114	329	32	0	22	scraped
20160115	329	32	0	22	scraped
20160116	329	33	0	22	scraped
20160117	329	33	0	22	scraped
20160118	329	33	0	22	scraped
20160119	329	33	0	22	scraped
20160120	329	33	0	22	scraped
20160121	329	33	0	22	scraped
20160122	329	33	0	22	scraped
20160123	329	33	0	22	scraped
20160124	329	33	0	22	scraped
20160125	327	33	0	22	scraped
20160126	327	33	0	22	scraped
20160127	327	33	0	22	scraped
20160128	327	33	0	22
20160129	327	35	0	22
20160130	327	35	0	22
20160131	327	35	0	22
20160201	326	35	0	22
20160202	325	35	0	22
20160203	323	35	0	22
20160204	323	36	0	22
20160205	323	37	0	22
20160206	323	39	0	22
20160207	323	41	0	22
20160208	311	42	0	22
20160209	310	42	0	22
20160210	308	42	0	22
20160211	308	42	0	22
20160212	308	43	0	22
20160213	308	45	0	22
20160214	308	45	0	22
20160215	308	45	0	22
20160216	308	45	0	22
20160217	308	45	0	22
20160218	308	45	0	22
20160219	308	46	0	22
20160220	308	46	0	22
20160221	308	46	0	22
20160222	308	46	0	22
20160223	308	46	0	22
20160224	308	46	0	22
20160225	308	47	0	22
20160226	308	47	0	22
20160227	308	47	0	22
20160228	308	47	0	22
20160229	308	47	0	22
20160301	305	47	0	22
20160302	305	47	0	22
20160303	305	47	0	22
20160304	305	49	0	22
20160305	305	49	0	22
20160306	305	49	0	22
20160307	305	49	0	22
20160308	305	49	0	22
20160309	305	49	0	22
20160310	305	51	0	22
20160311	304	51	0	22
20160312	304	57	0	22
20160313	304	57	0	22
20160314	303	57	0	22
20160315	303	57	0	22
20160316	302	59	0	22
20160317	302	59	0	22
20160318	302	59	0	22
20160319	302	62	0	22
20160320	302	62	0	22
20160321	301	62	1	22
20160322	301	63	1	22
20160323	301	63	1	22
20160324	300	63	1	22
20160325	300	63	1	22
20160326	300	63	1	22
20160327	298	63	1	22
20160328	298	63	1	22
20160329	298	63	1	22
20160330	298	63	1	22
20160331	298	63	1	22
20160401	298	63	1	22
20160402	298	63	1	22
20160403	298	63	1	22
20160404	298	63	1	22
20160405	298	63	1	22
20160406	298	63	1	22
20160407	298	63	1	22
20160408	298	63	1	22
20160409	298	63	1	22
20160410	298	63	1	22
20160411	298	63	1	22
20160412	298	63	1	22
20160413	298	63	1	22
20160414	298	63	1	22
20160415	295	62	1	22
20160416	295	62	1	22
20160417	295	62	1	22
20160418	295	62	1	22
20160419	295	62	1	22
20160420	295	62	1	22
20160421	295	66	1	22
20160422	295	66	1	22
20160423	295	66	1	22
20160424	295	66	1	22
20160425	295	66	1	22
20160426	295	66	1	22
20160427	293	66	1	22
20160428	292	66	1	22
20160429	292	66	1	22
20160430	292	66	1	22
20160501	290	66	1	22
20160502	289	66	1	22
20160503	289	66	1	22
20160504	289	66	1	22
20160505	289	67	1	22
20160506	289	67	1	22
20160507	289	68	1	22
20160508	289	68	1	22
20160509	289	68	1	22
20160510	289	68	1	22
20160511	289	68	3	22
20160512	289	68	3	22
20160513	289	69	3	22
20160514	289	69	3	22
20160515	290	71	2	22
20160516	290	72	2	22
20160517	290	72	2	22
20160518	290	72	2	22
20160519	290	72	2	22
20160520	290	72	2	22
20160521	288	71	2	22
20160522	288	71	2	22
20160523	286	72	2	22
20160524	286	72	2	22
20160525	286	72	2	22
20160526	283	72	2	22
20160527	276	74	2	22
20160528	276	74	2	22
20160529	276	74	2	22
20160530	276	74	2	22
20160531	276	74	2	22
20160601	274	74	2	22
20160602	271	74	2	22
20160603	271	74	2	22
20160604	271	74	2	22
20160605	271	75	2	22
20160606	271	75	2	22
20160607	271	75	2	22
20160608	270	75	2	22
20160609	270	75	2	22
20160610	269	76	2	22
20160611	269	76	2	22
20160612	269	76	2	22
20160613	269	76	2	22
20160614	269	76	2	22
20160615	269	77	2	22
20160616	269	77	2	22
20160617	269	78	2	22
20160618	269	78	2	22
20160619	269	78	2	22
20160620	269	79	2	22
20160621	269	79	2	22
20160622	269	79	2	22
20160623	269	79	2	22
20160624	269	79	2	22
20160625	269	79	2	22
20160626	269	79	2	22
20160627	269	79	2	22
20160628	269	79	2	22
20160629	269	79	2	22
20160630	269	79	2	22
20160701	269	79	2	22
20160702	269	79	2	22
20160703	269	79	2	22
20160704	269	79	2	22
20160705	269	79	2	22
20160706	267	80	2	22
20160707	267	80	2	22
20160708	267	80	2	22
20160709	267	80	2	22
20160710	267	81	2	22
20160711	267	81	2	22
20160712	267	81	2	22
20160713	267	81	3	22
20160714	267	81	3	22
20160715	267	81	3	22
20160716	267	81	3	22
20160717	267	81	3	22
20160718	267	81	3	22
20160719	267	81	3	22
20160720	267	81	3	22
20160721	267	81	3	22
20160722	267	81	3	22
20160723	267	81	3	22
20160724	267	81	3	22
20160725	267	81	3	22
20160726	267	81	3	22
20160727	267	81	3	22
20160728	267	81	3	22
20160729	267	81	3	22
20160730	267	81	3	22
20160731	267	82	3	22
20160801	267	82	3	22
20160802	267	82	3	22
20160803	266	82	3	22
20160804	266	82	3	22
20160805	266	82	3	22
20160806	266	82	3	22
20160807	266	82	3	22
20160808	266	82	3	22
20160809	266	82	3	22
20160810	266	82	3	22
20160811	266	82	3	22
20160812	266	82	3	22
20160813	266	82	3	22
20160814	266	83	3	22
20160815	266	83	3	22
20160816	268	84	3	22
20160817	268	84	3	22
20160818	268	84	3	22
20160819	268	84	3	22
20160820	268	84	3	22
20160821	267	84	3	22
20160822	268	84	2	22
20160823	268	85	2	22
20160824	265	87	2	22
20160825	265	87	2	22
20160826	265	87	2	22
20160827	265	87	2	22
20160828	265	87	2	22
20160829	265	87	2	22
20160830	265	87	2	22
20160831	265	87	2	22
20160901	263	87	4	22
20160902	263	87	4	22
20160903	263	87	4	22
20160904	263	87	4	22
20160905	264	88	3	22
20160906	263	87	3	22
20160907	263	87	3	22
20160908	262	87	3	22
20160909	262	87	3	22
20160910	262	87	3	22
20160911	262	87	3	22
20160912	262	87	3	22
20160913	262	87	3	22
20160914	262	87	3	22
20160915	263	88	2	22
20160916	263	89	2	22
20160917	263	89	2	22
20160918	263	89	2	22
20160919	263	89	2	22
20160920	263	89	2	22
20160921	263	89	2	22
20160922	263	89	2	22
20160923	263	89	2	22
20160924	261	89	2	22
20160925	261	89	2	22
20160926	261	89	2	22
20160927	261	89	2	22
20160928	261	89	2	22
20160929	261	89	2	22
20160930	261	89	2	22
20161001	261	89	2	22
20161002	260	89	2	22
20161003	260	89	2	22
20161004	260	89	2	22
20161005	260	89	2	22
20161006	260	89	2	22
20161007	260	89	2	22
20161008	260	89	2	22
20161009	259	89	2	22
20161010	259	89	2	22
20161011	259	90	2	22
20161012	259	90	2	22
20161013	259	90	2	22
20161014	259	90	2	22
20161015	259	90	2	22
20161016	259	90	2	22
20161017	259	90	2	22
20161018	259	90	2	22
20161019	259	90	2	22
20161020	259	90	2	22
20161021	259	90	2	22
20161022	259	90	2	22
20161023	259	90	2	22
20161024	259	90	2	22
20161025	259	90	2	22
20161026	259	90	2	22
20161027	259	90	2	22
20161028	259	90	2	22
20161029	259	90	2	22
20161030	259	90	2	22
20161031	259	90	2	22
20161101	259	90	2	22
20161102	259	90	2	22
20161103	259	90	2	22
20161104	259	90	2	22
20161105	259	90	2	22
20161106	260	90	1	22
20161107	260	92	1	22
20161108	260	92	1	22
20161109	260	92	1	22
20161110	260	92	1	22
20161111	260	92	1	22
20161112	260	92	1	22
20161113	260	93	1	22
20161114	260	93	1	22
20161115	260	93	1	22
20161116	260	93	3	22
20161117	260	93	3	22
20161118	260	93	3	22
20161119	260	93	3	22
20161120	262	93	1	22
20161121	262	95	1	22
20161122	262	95	1	22
20161123	260	95	1	22
20161124	260	95	1	22
20161125	260	95	1	22
20161126	260	95	1	22
20161127	258	93	1	22
20161128	258	93	1	22
20161129	258	93	1	22
20161130	258	93	1	22
20161201	258	93	1	22
20161202	258	93	1	22
20161203	258	93	1	22
20161204	258	93	1	22
20161205	258	93	1	22
20161206	258	93	1	22
20161207	258	93	1	22
20161208	258	93	1	22
20161209	258	93	1	22
20161210	258	93	1	22
20161211	258	93	1	22
20161212	258	93	1	22
20161213	258	93	1	22
20161214	258	93	1	22
20161215	258	93	1	22
20161216	258	93	1	22
20161217	258	93	1	22
20161218	258	93	1	22
20161219	258	93	1	22
20161220	258	93	1	22
20161221	258	93	1	22
20161222	258	93	1	22
20161223	258	93	1	22
20161224	258	93	1	22
20161225	258	93	1	22
20161226	258	93	1	22
20161227	258	93	1	22
20161228	258	93	1	22
20161229	258	93	1	22
20161230	258	93	1	22
20161231	245	80	1	19
20170101	244	3	1	19
20170102	244	3	1	19
20170103	243	3	1	19
20170104	243	3	1	19
20170105	243	3	1	19
20170106	243	3	1	19
20170107	243	3	1	19
20170108	243	3	1	19
20170109	243	3	1	19
20170110	243	3	1	19
20170111	243	3	1	19
20170112	243	21	0	19
20170113	243	19	0	19
20170114	243	19	0	19
20170115	243	19	0	19
20170116	243	22	0	19
20170117	243	22	0	19
20170118	243	22	0	19
20170119	243	22	0	19
20170120	243	23	0	19
20170121	243	23	0	19
20170122	239	23	0	19
20170123	239	23	0	19
20170124	239	23	0	19
20170125	239	23	0	19
20170126	239	23	0	19
20170127	239	23	0	19
20170128	239	24	0	19
20170129	239	24	0	19
20170130	239	24	0	19
20170131	239	24	0	19
20170201	239	24	0	19
20170202	239	24	0	19
20170203	239	24	0	19
20170204	239	24	0	19
20170205	239	24	0	19
20170206	239	24	0	19
20170207	239	24	0	19
20170208	239	25	0	19
20170209	239	25	0	19
20170210	239	25	0	19
20170211	239	25	0	19
20170212	239	25	0	19
20170213	239	26	0	19
20170214	239	26	0	19
20170215	239	26	0	19
20170216	239	26	0	19
20170217	239	28	0	19
20170218	239	28	0	19
20170219	239	28	0	19
20170220	239	28	0	19
20170221	239	28	0	19
20170222	239	28	0	19
20170223	239	28	0	19
20170224	236	34	0	18
20170225	236	34	0	18
20170226	236	35	0	18
20170227	236	35	0	18
20170228	236	36	0	18
20170301	236	36	0	18
20170302	237	37	0	18
20170303	237	37	0	18
20170304	237	37	0	18
20170305	237	37	0	18
20170306	237	37	0	18
20170307	237	37	0	18
20170308	237	37	0	18
20170309	237	37	0	18
20170310	237	37	0	18
20170311	237	37	0	18
20170312	237	37	0	18
20170313	237	37	0	18
20170314	237	37	0	18
20170315	237	38	0	18
20170316	237	38	0	18
20170317	237	39	0	18
20170318	237	39	0	18
20170319	237	39	0	18
20170320	237	39	0	18
20170321	237	39	0	18
20170322	237	39	0	18
20170323	237	41	0	18
20170324	237	41	0	18
20170325	237	43	0	18
20170326	237	43	0	18
20170327	237	43	0	18
20170328	237	43	0	18
20170329	237	43	0	18
20170330	233	41	0	16
20170331	233	41	0	16
20170401	231	41	0	15
20170402	231	41	0	15
20170403	231	41	0	15
20170404	231	41	0	15
20170405	231	41	0	15
20170406	231	41	0	15
20170407	231	44	0	15
20170408	231	44	0	15
20170409	231	44	0	15
20170410	231	44	0	15
20170411	231	44	0	15
20170412	231	44	0	15
20170413	231	44	0	15
20170414	231	44	0	15
20170415	231	44	0	15
20170416	230	44	0	15
20170417	230	44	0	15
20170418	230	44	0	15
20170419	230	44	0	15
20170420	230	44	0	15
20170421	230	44	0	15
20170422	230	44	0	15
20170423	230	44	0	15
20170424	230	44	0	15
20170425	230	44	0	15
20170426	228	44	0	15
20170427	228	44	0	15
20170428	228	44	0	15
20170429	228	44	0	15
20170430	227	44	0	14
20170501	227	44	0	14
20170502	227	44	0	14
20170503	227	44	0	14
20170504	227	45	0	14
20170505	227	45	0	14
20170506	227	45	0	14
20170507	227	45	0	14
20170508	227	45	0	14
20170509	227	46	0	14
20170510	227	46	0	14
20170511	227	46	0	14
20170512	227	46	0	14
20170513	227	46	0	14
20170514	227	46	0	14
20170515	226	45	0	13
20170516	226	45	0	13
20170517	226	45	0	13
20170518	226	45	0	13
20170519	225	47	0	13
20170520	225	47	0	13
20170521	225	47	0	13
20170522	225	47	0	13
20170523	225	47	0	13
20170524	225	47	0	13
20170525	225	47	0	13
20170526	225	47	0	13
20170527	224	47	0	13
20170528	224	47	0	13
20170529	224	47	0	13
20170530	224	47	0	13
20170531	224	48	0	13
20170601	224	48	0	13
20170602	224	48	0	13
20170603	224	48	0	13
20170604	224	48	0	13
20170605	224	48	0	13
20170606	224	48	0	13
20170607	224	48	0	13
20170608	224	48	0	13
20170609	224	48	0	13
20170610	224	48	0	13
20170611	224	48	0	13
20170612	224	48	0	13
20170613	224	48	0	13
20170614	224	48	0	13
20170615	224	48	0	13
20170616	224	48	0	13
20170617	224	48	0	13
20170618	224	48	0	13
20170619	224	48	0	13
20170620	224	48	0	13
20170621	224	48	0	13
20170622	224	50	0	13
20170623	224	50	0	13
20170624	224	50	0	13
20170625	224	50	0	13
20170626	224	50	0	13
20170627	224	50	0	13
20170628	224	50	0	13
20170629	224	50	0	13
20170630	224	50	0	13
20170701	224	50	0	13
20170702	224	50	0	13
20170703	224	50	0	13
20170704	224	50	0	13
20170705	223	50	0	13
20170706	223	50	0	13
20170707	223	50	0	13
20170708	223	50	0	13
20170709	223	50	0	13
20170710	223	50	0	13
20170711	223	50	0	13
20170712	223	50	0	13
20170713	223	50	0	13
20170714	223	50	0	13
20170715	223	50	0	13
20170716	223	50	0	13
20170717	223	50	0	13
20170718	223	50	0	13
20170719	223	50	0	13
20170720	223	50	0	13
20170721	223	50	0	13
20170722	223	50	0	13
20170723	223	50	0	13
20170724	223	50	0	13
20170725	223	50	0	13
20170726	223	50	0	13
20170727	223	50	0	13
20170728	223	50	0	13
20170729	223	50	0	13
20170730	223	50	0	13
20170731	223	50	0	13
20170801	223	50	0	13
20170802	223	50	0	13
20170803	223	50	0	13
20170804	223	50	0	13
20170805	223	50	0	13
20170806	223	50	0	13
20170807	223	50	0	13
20170808	223	50	0	13
20170809	223	50	0	13
20170810	223	50	0	13
20170811	223	50	0	13
20170812	223	50	0	13
20170813	223	50	0	13
20170814	223	50	0	13
20170815	223	50	0	13
20170816	223	50	0	13
20170817	223	50	0	13
20170818	223	50	0	13
20170819	223	50	0	13
20170820	223	50	0	13
20170821	223	50	0	13
20170822	223	50	0	13
20170823	223	50	0	13
20170824	223	50	0	13
20170825	223	50	0	13
20170826	223	50	0	13
20170827	223	50	0	13
20170828	223	50	0	13
20170829	223	50	0	13
20170830	223	50	0	13
20170831	223	50	0	13
20170901	223	50	0	13
20170902	222	49	0	13
20170903	222	49	0	13
20170904	222	49	0	13
20170905	222	49	0	13
20170906	222	49	0	13
20170907	222	49	0	13
20170908	222	49	0	13
20170909	222	49	0	13
20170910	222	49	0	13
20170911	222	49	0	13
20170912	222	49	0	13
20170913	222	49	0	13
20170914	222	49	0	13
20170915	222	49	0	13
20170916	222	49	0	13
20170917	222	49	0	13
20170918	222	49	0	13
20170919	222	49	0	13
20170920	222	49	0	13
20170921	222	49	0	13
20170922	222	49	0	13
20170923	221	49	0	13
20170924	221	49	0	13
20170925	221	49	0	13
20170926	221	49	0	13
20170927	221	49	0	13
20170928	221	49	0	13
20170929	221	49	0	13
20170930	220	48	0	13
20171001	220	48	0	13
20171002	220	48	0	13
20171003	220	48	0	13
20171004	220	48	0	13
20171005	220	48	0	13
20171006	220	48	0	13
20171007	220	48	0	13
20171008	220	48	0	13
20171009	220	48	0	13
20171010	220	48	0	13
20171011	220	48	0	13
20171012	220	48	0	13
20171013	220	48	0	13
20171014	220	48	0	13
20171015	220	48	0	13
20171016	220	48	0	13
20171017	220	48	0	13
20171018	220	48	0	13
20171019	219	50	0	13
20171020	219	50	0	13
20171021	219	50	0	13
20171022	219	50	0	13
20171023	219	50	0	13
20171024	219	50	0	13
20171025	216	50	0	13
20171026	216	50	0	13
20171027	216	50	0	13
20171028	216	50	0	13
20171029	216	50	0	13
20171030	214	50	0	13
20171031	214	50	0	13
20171101	214	50	0	13
20171102	210	50	0	13
20171103	210	50	0	13
20171104	210	50	0	13
20171105	210	50	0	13
20171106	210	52	0	13
20171107	210	52	0	13
20171108	210	52	0	13
20171109	210	52	0	13
20171110	210	52	0	13
20171111	210	52	0	13
20171112	210	52	0	13
20171113	210	52	0	13
20171114	210	53	0	13
20171115	210	53	0	13
20171116	210	53	0	13
20171117	210	53	0	13
20171118	210	53	0	13
20171119	210	53	0	13
20171120	210	53	0	13
20171121	210	53	0	13
20171122	210	53	0	13
20171123	210	53	0	13
20171124	208	52	0	13
20171125	208	52	0	13
20171126	208	52	0	13
20171127	208	52	0	13
20171128	208	52	0	13
20171129	208	52	0	13
20171130	208	52	0	13
20171201	208	52	0	13
20171202	208	52	0	13
20171203	208	52	0	13
20171204	208	52	0	13
20171205	207	52	0	13
20171206	207	52	0	13
20171207	207	52	0	13
20171208	207	52	0	13
20171209	207	52	0	13
20171210	207	52	0	13
20171211	207	52	0	13
20171212	207	52	0	13
20171213	207	52	0	13
20171214	207	52	0	13
20171215	207	52	0	13
20171216	207	52	0	13
20171217	207	52	0	13
20171218	207	52	0	13
20171219	207	52	0	13
20171220	206	51	0	13
20171221	206	51	0	13
20171222	206	51	0	13
20171223	206	52	0	13
