# ISO-Datum	Mitgl	stimmb	Quelle
20080122	24
20080405	26
20090616	16
20090624	28
20090630	94
20090726	131
20090820	183
20090828	201
20090901	218
20090918	254
20090927	252
20090929	254
20091004	265
20091010	280
20091012	284
20091016	287
20091022	294
20091029	299
20091101	300
20091116	304
20091121	308
20091125	312
20091127	313
20091130	314
20091205	317
20091217	323
20100108	327
20100120	332
20100309	332		https://wiki.piratenpartei.de/SN:%C3%84mter/Vorstand/Protokolle/2010-03-09
20100316	336		https://wiki.piratenpartei.de/SN:%C3%84mter/Vorstand/Protokolle/2010-03-16
20100323	339		https://wiki.piratenpartei.de/SN:%C3%84mter/Vorstand/Protokolle/2010-03-23
20100330	339		https://wiki.piratenpartei.de/SN:%C3%84mter/Vorstand/Protokolle/2010-03-30
20100406	339		https://wiki.piratenpartei.de/SN:%C3%84mter/Vorstand/Protokolle/2010-04-06
20100414	339		https://wiki.piratenpartei.de/SN:%C3%84mter/Vorstand/Protokolle/2010-04-13
20100527	339
20100622	342		https://wiki.piratenpartei.de/SN:%C3%84mter/Vorstand/Protokolle/2010-06-22
20100624	346
20100706	346		https://wiki.piratenpartei.de/SN:%C3%84mter/Vorstand/Protokolle/2010-07-06
20100803	347		https://wiki.piratenpartei.de/SN:%C3%84mter/Vorstand/Protokolle/2010-08-03
20100817	356		https://wiki.piratenpartei.de/SN:%C3%84mter/Vorstand/Protokolle/2010-08-17
20101108	354		https://wiki.piratenpartei.de/SN:%C3%84mter/Vorstand/Protokolle/2010-11-08
20101115	354
20101129	358		https://wiki.piratenpartei.de/SN:%C3%84mter/Vorstand/Protokolle/2010-11-29
20110117	357		https://wiki.piratenpartei.de/SN:%C3%84mter/Vorstand/Protokolle/2011-01-17
20110214	360		https://wiki.piratenpartei.de/SN:%C3%84mter/Vorstand/Protokolle/2011-02-14
20110411	362		https://wiki.piratenpartei.de/SN:%C3%84mter/Vorstand/Protokolle/2011-04-11
20110418	362		https://wiki.piratenpartei.de/SN:%C3%84mter/Vorstand/Protokolle/2011-04-18
20110606	364		https://wiki.piratenpartei.de/SN:%C3%84mter/Vorstand/Protokolle/2011-06-06
20110613	364		https://wiki.piratenpartei.de/SN:%C3%84mter/Vorstand/Protokolle/2011-06-13
20110620	364		https://wiki.piratenpartei.de/SN:%C3%84mter/Vorstand/Protokolle/2011-06-20
20110707	364		http://vorstand.piratenpartei.de/2011/07/11/protokoll-zur-vorstandssitzung-2011-07-07/#Aktuelle_Kennzahlen
20110915	368		http://vorstand.piratenpartei.de/2011/09/27/protokoll-zur-vorstandssitzung-2011-15-09/#Aktuelle_Kennzahlen
20110926	384		https://wiki.piratenpartei.de/SN:%C3%84mter/Vorstand/Protokolle/2011-09-26
20110929	384		http://vorstand.piratenpartei.de/2011/10/03/protokoll-zur-vorstandssitzung-2011-09-29/#Aktuelle_Kennzahlen
20111005	409		https://wiki.piratenpartei.de/SN:%C3%84mter/Vorstand/Protokolle/2011-10-05
#20111013	408		http://vorstand.piratenpartei.de/2011/10/27/protokoll-zur-vorstandssitzung-2011-10-13/
20111021	480
20111102	442		https://wiki.piratenpartei.de/SN:%C3%84mter/Vorstand/Protokolle/2011-11-02#Mitgliederzahlen
20111109	426		https://wiki.piratenpartei.de/SN:%C3%84mter/Vorstand/Protokolle/2011-11-09
20111116	429		https://wiki.piratenpartei.de/SN:%C3%84mter/Vorstand/Protokolle/2011-11-16
20111123	470		https://wiki.piratenpartei.de/SN:%C3%84mter/Vorstand/Protokolle/2011-11-23
20111204	499		http://piratenpartei.wortgewalt.de/docs/bpt112/
20111214	499		https://wiki.piratenpartei.de/SN:%C3%84mter/Vorstand/Protokolle/2011-12-14
20111221	499		https://wiki.piratenpartei.de/SN:%C3%84mter/Vorstand/Protokolle/2011-12-21
20111228	499		https://wiki.piratenpartei.de/SN:%C3%84mter/Vorstand/Protokolle/2011-12-28
20120104	521		https://wiki.piratenpartei.de/SN:%C3%84mter/Vorstand/Protokolle/2012-01-04
20120111	524		https://wiki.piratenpartei.de/SN:%C3%84mter/Vorstand/Protokolle/2012-01-11
20120321	625		https://wiki.piratenpartei.de/SN:%C3%84mter/Vorstand/Protokolle/2012-03-21
#20120322	625		https://twitter.com/c_h_p_e/statuses/182454392623083521
20120404	650		https://wiki.piratenpartei.de/SN:%C3%84mter/Vorstand/Protokolle/2012-04-04
#20120410	696
20120411	665		https://wiki.piratenpartei.de/SN:%C3%84mter/Vorstand/Protokolle/2012-04-11
20120418	665		https://wiki.piratenpartei.de/SN:%C3%84mter/Vorstand/Protokolle/2012-04-18
20120425	765		https://wiki.piratenpartei.de/SN:%C3%84mter/Vorstand/Protokolle/2012-04-25
#20120429	795		https://wiki.piratenpartei.de/Bundesparteitag_2012.1#Akreditierungsstatistik
20120502	760		https://wiki.piratenpartei.de/SN:%C3%84mter/Vorstand/Protokolle/2012-05-02
20120516	826		https://wiki.piratenpartei.de/SN:%C3%84mter/Vorstand/Protokolle/2012-05-16
20120523	856		https://wiki.piratenpartei.de/SN:%C3%84mter/Vorstand/Protokolle/2012-05-23
20120530	856		https://wiki.piratenpartei.de/SN:%C3%84mter/Vorstand/Protokolle/2012-05-30
20120606	857		https://wiki.piratenpartei.de/SN:%C3%84mter/Vorstand/Protokolle/2012-06-06
20120613	866	313	https://wiki.piratenpartei.de/SN:%C3%84mter/Vorstand/Protokolle/2012-06-13
20120620	866		https://wiki.piratenpartei.de/SN:%C3%84mter/Vorstand/Protokolle/2012-06-20
20120627	868		https://wiki.piratenpartei.de/SN:%C3%84mter/Vorstand/Protokolle/2012-06-27
20120704	870		https://wiki.piratenpartei.de/SN:%C3%84mter/Vorstand/Protokolle/2012-07-04
20120718	874		https://wiki.piratenpartei.de/SN:%C3%84mter/Vorstand/Protokolle/2012-07-18
20120810	878		https://wiki.piratenpartei.de/SN:%C3%84mter/Vorstand/Protokolle/2012-08-10
20120815	874		https://wiki.piratenpartei.de/SN:%C3%84mter/Vorstand/Protokolle/2012-08-15
20120829	880		https://wiki.piratenpartei.de/SN:%C3%84mter/Vorstand/Protokolle/2012-08-29
20120905	881		https://wiki.piratenpartei.de/SN:%C3%84mter/Vorstand/Protokolle/2012-09-05
20120912	890		https://wiki.piratenpartei.de/SN:%C3%84mter/Vorstand/Protokolle/2012-09-12
20120919	890		https://wiki.piratenpartei.de/SN:%C3%84mter/Vorstand/Protokolle/2012-09-19
20120926	892		https://wiki.piratenpartei.de/SN:%C3%84mter/Vorstand/Protokolle/2012-09-26
20121010	886		https://wiki.piratenpartei.de/SN:%C3%84mter/Vorstand/Protokolle/2012-10-10
20121017	886		https://wiki.piratenpartei.de/SN:%C3%84mter/Vorstand/Protokolle/2012-10-17
20121024	880		https://wiki.piratenpartei.de/SN:%C3%84mter/Vorstand/Protokolle/2012-10-24
20121027	884	9	http://www.machmaldieaugenauf.de/2012/10/27/vorbereitung-der-bpt-akkreditierung/
20121031	884		https://wiki.piratenpartei.de/SN:%C3%84mter/Vorstand/Protokolle/2012-10-31
20121105	885	342	http://www.machmaldieaugenauf.de/2012/10/27/vorbereitung-der-bpt-akkreditierung/
20121107	883		https://wiki.piratenpartei.de/SN:%C3%84mter/Vorstand/Protokolle/2012-11-07
20121111	885	358	http://www.machmaldieaugenauf.de/2012/10/27/vorbereitung-der-bpt-akkreditierung/
20121114	884		https://wiki.piratenpartei.de/SN:%C3%84mter/Vorstand/Protokolle/2012-11-14
20121118	885	359	http://www.machmaldieaugenauf.de/2012/10/27/vorbereitung-der-bpt-akkreditierung/
20121121	884		https://wiki.piratenpartei.de/SN:%C3%84mter/Vorstand/Protokolle/2012-11-21
20121125	889	398	http://www.machmaldieaugenauf.de/2012/11/22/infos-zur-akkreditierung-beim-piraten-bundesparteitag-2012-2-bpt122/
20121128	889	398	http://www.machmaldieaugenauf.de/2012/11/28/abschliesende-statistiken-bpt122/
20121128	892		https://wiki.piratenpartei.de/SN:%C3%84mter/Vorstand/Protokolle/2012-11-28
20121205	893		https://wiki.piratenpartei.de/SN:%C3%84mter/Vorstand/Protokolle/2012-12-05
20121212	887		https://wiki.piratenpartei.de/SN:%C3%84mter/Vorstand/Protokolle/2012-12-12
20121219	888		https://wiki.piratenpartei.de/SN:%C3%84mter/Vorstand/Protokolle/2012-12-19
20130102	908		https://wiki.piratenpartei.de/SN:%C3%84mter/Vorstand/Protokolle/2013-01-02
20130116	890		https://wiki.piratenpartei.de/SN:%C3%84mter/Vorstand/Protokolle/2013-01-16
20130123	890		https://wiki.piratenpartei.de/SN:%C3%84mter/Vorstand/Protokolle/2013-01-23
20130306	876		https://wiki.piratenpartei.de/SN:%C3%84mter/Vorstand/Protokolle/2013-03-06
20130327	878		https://wiki.piratenpartei.de/SN:%C3%84mter/Vorstand/Protokolle/2013-03-27
20130414	896		https://wiki.piratenpartei.de/SN:%C3%84mter/Vorstand/Protokolle/2013-04-14
20130422	884	120	http://www.machmaldieaugenauf.de/2013/04/22/vorbereitung-der-akkreditierung-zum-bpt-in-neumarkt/
20130424	902		https://wiki.piratenpartei.de/SN:%C3%84mter/Vorstand/Protokolle/2013-04-24
20130428	884	137	http://www.machmaldieaugenauf.de/2013/04/22/vorbereitung-der-akkreditierung-zum-bpt-in-neumarkt/
20130505	884	141	http://www.machmaldieaugenauf.de/2013/04/22/vorbereitung-der-akkreditierung-zum-bpt-in-neumarkt/
20130508	893		https://wiki.piratenpartei.de/SN:%C3%84mter/Vorstand/Protokolle/2013-05-08
20130512	886	215	http://www.machmaldieaugenauf.de/2013/05/08/infos-zur-akkreditierung-beim-piraten-bundesparteitag-2013-2-bpt131/
20130513	886	215	http://www.machmaldieaugenauf.de/2013/05/13/abschliesende-statistiken-bpt131/
20130619	873		https://wiki.piratenpartei.de/SN:%C3%84mter/Vorstand/Protokolle/2013-06-19
20130807	868		https://wiki.piratenpartei.de/SN:%C3%84mter/Vorstand/Protokolle/2013-08-07
20130821	876		https://wiki.piratenpartei.de/SN:%C3%84mter/Vorstand/Protokolle/2013-08-21
20130828	863	255
20130924	847		https://wiki.piratenpartei.de/SN:%C3%84mter/Vorstand/Protokolle/2013-09-24
20131008	843		https://wiki.piratenpartei.de/SN:%C3%84mter/Vorstand/Protokolle/2013-10-08
20131022	850		https://wiki.piratenpartei.de/SN:%C3%84mter/Vorstand/Protokolle/2013-10-22
20131026	847	359	http://www.machmaldieaugenauf.de/2013/10/26/vorbereitung-der-akkreditierung-zum-bpt-in-bremen/
20131118	847	372	http://www.machmaldieaugenauf.de/2013/10/26/vorbereitung-der-akkreditierung-zum-bpt-in-bremen/
20131123	850	373	http://www.machmaldieaugenauf.de/2013/10/26/vorbereitung-der-akkreditierung-zum-bpt-in-bremen/
20131201	845	375	http://www.machmaldieaugenauf.de/2013/12/02/abschliessende-statistiken-zum-bpt132/
20131228	848	375
20131230	848		https://wiki.piratenpartei.de/SN:%C3%84mter/Vorstand/Protokolle/2013-12-30
#20140105	834		http://blog.alexzinser.de/?p=90
20140105	837	87	http://www.machmaldieaugenauf.de/2014/02/10/abschliessende-akkreditierungsstatistiken-zum-bpt141-und-zur-av-eu/
20140211	830		https://wiki.piratenpartei.de/SN:%C3%84mter/Vorstand/Protokolle/2014-02-11
20140226	833	195
20140422	820		https://wiki.piratenpartei.de/SN:%C3%84mter/Vorstand/Protokolle/2014-04-22
20140703	805	230
#20140812			https://wiki.piratenpartei.de/SN:%C3%84mter/Vorstand/Protokolle/2014-08-12
20140814	806	238	https://wiki.piratenpartei.de/SN:%C3%84mter/Vorstand/Protokolle/2014-08-14
20140826	806	238	https://wiki.piratenpartei.de/SN:%C3%84mter/Vorstand/Protokolle/2014-08-26
20140828	804		https://twitter.com/H3rmi/status/505047264071790592/photo/1
20140909	799	239	https://wiki.piratenpartei.de/SN:%C3%84mter/Vorstand/Protokolle/2014-09-09
20140911	797	237	https://twitter.com/H3rmi/status/510137422357995520/photo/1
20140925	792	238	https://twitter.com/H3rmi/status/515199307776266240/photo/1
20141007	778	238	https://wiki.piratenpartei.de/SN:%C3%84mter/Vorstand/Protokolle/2014-10-07
20141019	792	238
20141021	773	240	https://wiki.piratenpartei.de/SN:%C3%84mter/Vorstand/Protokolle/2014-10-21
20141023	773	240	https://twitter.com/Bundes_GenSek/status/525300116002181120
20141030	773	240	https://wiki.piratenpartei.de/SN:%C3%84mter/Vorstand/Protokolle/2014-10-30
20141106	771	244
20150113	794		https://wiki.piratenpartei.de/SN:%C3%84mter/Vorstand/Protokolle/2015-01-13
20150128	746	64
20150209	745		https://wiki.piratenpartei.de/SN:%C3%84mter/Vorstand/Protokolle/2015-02-09
20150312	741	87	http://vorstand.piratenpartei.de/2015/03/12/neues-aus-der-mitgliederverwaltung/
20150326	739	95	http://vorstand.piratenpartei.de/2015/03/26/neues-aus-der-mitgliederverwaltung-2/
20150409	738	103	http://vorstand.piratenpartei.de/2015/04/09/neues-aus-der-mitgliederverwaltung-3/
20150507	733	104	http://vorstand.piratenpartei.de/2015/05/07/neues-aus-der-mitgliederverwaltung-4/#
#
# https://wiki.piratenpartei.de/Kategorie:Protokoll_Vorstand_Sachsen
20150608	696	134	1	44	scraped from http://finanzen.piratenpartei.de/statistik.php
20150609	692	133	1	44	scraped
20150610	690	133	1	44	scraped
20150611	689	133	1	44	scraped
20150612	689	135	1	44	scraped
20150613	689	139	1	44	scraped
20150614	688	139	1	44	scraped
20150615	683	139	1	44	scraped
20150616	678	139	1	44	scraped
20150617	676	139	1	44	scraped
20150618	676	139	1	44	scraped
20150619	676	139	1	44	scraped
20150620	676	139	1	44	scraped
20150621	676	162	1	44	scraped
20150622	675	162	1	44	scraped
20150623	675	162	1	44	scraped
20150624	675	164	1	44	scraped
20150625	675	164	1	44	scraped
20150626	675	164	1	44	scraped
20150627	675	164	1	44	scraped
20150628	675	164	1	44	scraped
20150629	675	164	1	44	scraped
20150630	669	172	1	44	scraped
20150701	669	172	1	44	scraped
20150702	669	172	1	44	scraped
20150703	669	172	1	44	scraped
20150704	669	176	1	44	scraped
20150705	668	176	1	44	scraped
20150706	668	176	1	44	scraped
20150707	668	176	1	44	scraped
20150708	668	176	1	44	scraped
20150709	668	179	1	44	scraped
20150710	668	179	1	44	scraped
20150711	668	179	1	44	scraped
20150712	667	177	1	44	scraped
20150713	667	177	1	44	scraped
20150714	658	178	1	44	scraped
20150715	657	178	1	44	scraped
20150716	656	178	1	44	scraped
20150717	655	182	1	44	scraped
20150718	655	182	1	44	scraped
20150719	654	186	1	44	scraped
20150720	654	186	1	44	scraped
20150721	654	186	1	44	scraped
20150722	654	186	1	44	scraped
20150723	654	188	1	44	scraped
20150724	652	190	1	44	scraped
20150725	652	190	1	44	scraped
20150726	652	190	1	44	scraped
20150727	652	190	1	44	scraped
20150728	652	190	1	44	scraped
20150729	652	190	1	44	scraped
20150730	652	190	1	44	scraped
20150731	652	190	1	44	scraped
20150801	652	190	1	44	scraped
20150802	652	190	0	44	scraped
20150803	651	193	0	43	scraped
20150804	651	192	0	43	scraped
20150805	651	193	0	43	scraped
20150806	648	194	0	43	scraped
20150807	569	194	0	43	scraped
20150808	569	194	0	43	scraped
20150809	569	195	0	43	scraped
20150810	569	195	0	43	scraped
20150811	569	195	0	43	scraped
20150812	569	195	0	43	scraped
20150813	569	195	0	43	scraped
20150814	569	195	0	43	scraped
20150815	569	195	0	43	scraped
20150816	569	195	0	43	scraped
20150817	561	195	0	43	scraped
20150818	561	195	0	43	scraped
20150819	562	195	0	43	scraped
20150820	562	195	0	43	scraped
20150821	562	195	0	43	scraped
20150822	562	195	0	43	scraped
20150823	561	198	0	43	scraped
20150824	561	198	0	43	scraped
20150825	561	198	0	43	scraped
20150826	561	198	0	43	scraped
20150827	561	200	0	43	scraped
20150828	561	202	0	43	scraped
20150829	561	202	0	43	scraped
20150830	561	202	0	43	scraped
20150831	561	202	0	43	scraped
20150901	561	203	0	43	scraped
20150902	558	202	1	42	scraped
20150903	558	202	1	42	scraped
20150904	558	203	1	42	scraped
20150905	558	203	1	42	scraped
20150906	558	203	1	42	scraped
20150907	558	203	1	42	scraped
20150908	558	203	1	42	scraped
20150909	558	203	1	42	scraped
20150910	558	203	1	42	scraped
20150911	316	204	1	42	scraped
20150912	316	204	1	42	scraped
20150913	316	204	1	42	scraped
20150914	316	204	1	42	scraped
20150915	316	204	1	42	scraped
20150916	317	205	0	42	scraped
20150917	316	205	0	42	scraped
20150918	315	205	0	42	scraped
20150919	315	208	0	42	scraped
20150920	315	208	0	42	scraped
20150921	315	208	0	42	scraped
20150922	315	208	0	42	scraped
20150923	315	208	0	42	scraped
20150924	315	208	0	42	scraped
20150925	315	208	0	42	scraped
20150926	315	209	0	42	scraped
20150927	315	209	0	42	scraped
20150928	315	209	0	42	scraped
20150929	314	208	0	41	scraped
20150930	314	208	0	41	scraped
20151001	314	208	0	41	scraped
20151002	314	208	0	41	scraped
20151003	314	208	0	41	scraped
20151004	314	208	0	41	scraped
20151005	314	208	0	41	scraped
20151006	314	208	0	41	scraped
20151007	314	208	0	41	scraped
20151008	314	208	0	41	scraped
20151009	314	208	0	41	scraped
20151010	315	209	0	41	scraped
20151011	315	210	0	41	scraped
20151012	315	210	0	41	scraped
20151013	315	210	0	41	scraped
20151014	315	210	0	41	scraped
20151015	315	210	0	41	scraped
20151016	315	210	0	41	scraped
20151017	315	210	0	41	scraped
20151018	315	210	0	41	scraped
20151019	315	210	0	41	scraped
20151020	315	210	0	41	scraped
20151021	315	210	0	41	scraped
20151022	315	210	0	41	scraped
20151023	315	210	0	41	scraped
20151024	315	213	0	41	scraped
20151025	314	213	0	41	scraped
20151026	314	213	0	41	scraped
20151027	314	213	0	41	scraped
20151028	314	213	0	41	scraped
20151029	314	213	0	41	scraped
20151030	314	213	0	41	scraped
20151031	314	213	0	41	scraped
20151101	314	213	0	41	scraped
20151102	314	213	0	41	scraped
20151103	314	213	0	41	scraped
20151104	314	213	0	41	scraped
20151105	314	213	0	41	scraped
20151106	314	213	0	41	scraped
20151107	314	213	0	41	scraped
20151108	314	213	0	41	scraped
20151109	314	213	0	41	scraped
20151110	314	213	0	41	scraped
20151111	314	213	0	41	scraped
20151112	314	213	0	41	scraped
20151113	314	213	0	41	scraped
20151114	314	213	0	41	scraped
20151115	314	213	0	41	scraped
20151116	314	213	0	41	scraped
20151117	314	213	0	41	scraped
20151118	314	214	0	41	scraped
20151119	314	214	0	41	scraped
20151120	314	214	0	41	scraped
20151121	314	214	0	41	scraped
20151122	314	214	0	41	scraped
20151123	314	214	0	41	scraped
20151124	314	214	0	41	scraped
20151125	314	214	0	41	scraped
20151126	314	214	0	41	scraped
20151127	314	214	0	41	scraped
20151128	314	214	0	41	scraped
20151129	314	214	0	41	scraped
20151130	314	214	0	41	scraped
20151201	314	214	0	41	scraped
20151202	313	213	1	41	scraped
20151203	313	213	1	41	scraped
20151204	313	213	1	41	scraped
20151205	313	213	2	41	scraped
20151206	313	213	2	41	scraped
20151207	313	213	2	41	scraped
20151208	313	213	2	41	scraped
20151209	313	213	2	41	scraped
20151210	313	213	2	41	scraped
20151211	313	214	2	41	scraped
20151212	314	214	1	41	scraped
20151213	313	214	1	41	scraped
20151214	313	214	1	41	scraped
20151215	312	213	1	41	scraped
20151216	312	213	1	41	scraped
20151217	312	213	1	41	scraped
20151218	312	213	1	41	scraped
20151219	312	213	1	41	scraped
20151220	311	212	1	40	scraped
20151221	311	212	1	40	scraped
20151222	311	212	1	40	scraped
20151223	311	212	1	40	scraped
20151224	311	212	1	40	scraped
20151225	311	212	1	40	scraped
20151226	311	212	1	40	scraped
20151227	311	212	1	40	scraped
20151228	311	212	1	40	scraped
20151229	311	212	1	40	scraped
20151230	311	212	1	40	scraped
20151231	282	211	1	40	scraped
20160101	282	6	1	40	scraped
20160102	280	35	1	40	scraped
20160103	280	35	1	40	scraped
20160104	280	34	1	40	scraped
20160105	280	34	1	40	scraped
20160106	280	41	1	40	scraped
20160107	280	41	1	40	scraped
20160108	280	41	1	40	scraped
20160109	279	43	1	40	scraped
20160110	279	43	1	40	scraped
20160111	278	42	1	40	scraped
20160112	278	42	1	40	scraped
20160113	278	42	1	40	scraped
20160114	278	43	1	40	scraped
20160115	278	43	1	40	scraped
20160116	278	44	1	40	scraped
20160117	278	44	1	40	scraped
20160118	273	44	1	38	scraped
20160119	273	44	1	38	scraped
20160120	273	44	1	38	scraped
20160121	273	44	1	38	scraped
20160122	273	46	1	38	scraped
20160123	273	46	1	38	scraped
20160124	273	46	2	38	scraped
20160125	272	46	2	37	scraped
20160126	272	46	2	37	scraped
20160127	272	46	2	37	scraped
20160128	272	46	2	37
20160129	272	47	2	37
20160130	272	47	2	37
20160131	272	47	2	37
20160201	272	47	2	37
20160202	271	47	2	37
20160203	270	47	2	37
20160204	270	53	2	37
20160205	270	58	2	37
20160206	268	61	2	37
20160207	268	63	2	37
20160208	268	65	2	37
20160209	268	66	2	37
20160210	268	66	2	37
20160211	268	70	2	37
20160212	268	73	2	37
20160213	268	81	2	37
20160214	268	81	2	37
20160215	268	81	2	37
20160216	268	82	2	37
20160217	268	82	2	37
20160218	267	84	2	37
20160219	268	85	1	37
20160220	268	85	1	37
20160221	269	86	1	37
20160222	269	86	1	37
20160223	269	86	1	37
20160224	269	87	1	37
20160225	269	87	1	37
20160226	269	90	2	37
20160227	266	91	3	37
20160228	266	91	3	37
20160229	267	94	2	37
20160301	267	98	4	37
20160302	266	98	4	37
20160303	266	98	4	37
20160304	266	100	4	37
20160305	266	100	4	37
20160306	265	99	4	37
20160307	265	99	5	37
20160308	265	99	5	37
20160309	265	99	6	37
20160310	265	99	6	37
20160311	266	106	4	37
20160312	266	119	4	37
20160313	266	120	4	37
20160314	266	120	4	37
20160315	266	120	4	37
20160316	266	126	4	37
20160317	266	126	4	37
20160318	266	126	4	37
20160319	266	132	4	37
20160320	266	133	4	37
20160321	266	133	4	37
20160322	266	133	4	37
20160323	266	133	4	37
20160324	266	133	4	37
20160325	265	134	4	37
20160326	265	134	4	37
20160327	265	134	4	37
20160328	265	134	4	37
20160329	265	134	4	37
20160330	265	134	4	37
20160331	265	134	4	37
20160401	265	135	4	37
20160402	265	135	4	37
20160403	265	135	4	37
20160404	265	138	4	37
20160405	265	138	4	37
20160406	265	138	4	37
20160407	265	138	4	37
20160408	265	138	4	37
20160409	265	140	4	37
20160410	265	140	4	37
20160411	265	140	4	37
20160412	265	140	4	37
20160413	265	140	4	37
20160414	265	140	4	37
20160415	265	140	4	37
20160416	265	140	4	37
20160417	265	140	4	37
20160418	265	140	4	37
20160419	265	140	4	37
20160420	264	140	4	37
20160421	264	147	4	37
20160422	264	147	4	37
20160423	264	147	4	37
20160424	264	149	4	37
20160425	264	149	4	37
20160426	264	149	4	37
20160427	264	149	4	37
20160428	264	149	4	37
20160429	264	149	4	37
20160430	264	149	4	37
20160501	264	149	4	37
20160502	264	153	4	37
20160503	264	154	4	37
20160504	264	154	4	37
20160505	264	154	4	37
20160506	264	154	4	37
20160507	264	155	4	37
20160508	264	155	4	37
20160509	250	157	4	37
20160510	250	157	4	37
20160511	250	157	4	37
20160512	250	157	4	37
20160513	250	157	4	37
20160514	250	157	4	37
20160515	250	157	4	37
20160516	250	157	4	37
20160517	250	157	4	37
20160518	250	157	4	37
20160519	250	157	4	37
20160520	250	157	4	37
20160521	250	157	4	37
20160522	250	157	4	37
20160523	250	157	4	37
20160524	250	157	4	37
20160525	250	157	4	37
20160526	250	157	4	37
20160527	251	159	3	37
20160528	251	159	3	37
20160529	250	158	3	37
20160530	250	158	3	37
20160531	250	158	3	37
20160601	250	158	3	37
20160602	250	158	3	37
20160603	250	160	3	37
20160604	250	160	3	37
20160605	250	160	3	37
20160606	250	160	3	37
20160607	250	160	3	37
20160608	250	160	3	37
20160609	250	160	3	37
20160610	250	160	3	37
20160611	250	160	3	37
20160612	250	160	3	37
20160613	250	160	3	37
20160614	249	159	3	37
20160615	249	159	3	37
20160616	249	159	3	37
20160617	249	159	3	37
20160618	249	159	3	37
20160619	249	159	3	37
20160620	249	163	3	37
20160621	248	163	3	37
20160622	248	163	3	37
20160623	247	162	3	37
20160624	247	162	3	37
20160625	247	162	3	37
20160626	247	162	3	37
20160627	247	163	3	37
20160628	245	163	3	37
20160629	245	163	3	37
20160630	245	163	3	37
20160701	245	163	3	37
20160702	245	163	3	37
20160703	245	164	3	37
20160704	245	164	3	37
20160705	245	164	3	37
20160706	246	167	2	37
20160707	243	166	2	35
20160708	243	166	2	35
20160709	243	166	2	35
20160710	243	167	2	35
20160711	243	167	2	35
20160712	243	167	2	35
20160713	243	167	2	35
20160714	243	167	2	35
20160715	243	167	2	35
20160716	243	167	2	35
20160717	243	167	2	35
20160718	242	167	2	35
20160719	242	167	2	35
20160720	242	167	2	35
20160721	242	167	2	35
20160722	242	167	2	35
20160723	242	167	2	35
20160724	242	167	2	35
20160725	242	167	2	35
20160726	242	167	2	35
20160727	242	167	2	35
20160728	242	167	2	35
20160729	242	167	2	35
20160730	242	167	2	35
20160731	242	167	2	35
20160801	242	167	2	35
20160802	242	167	2	35
20160803	242	167	2	35
20160804	242	167	2	35
20160805	242	167	2	35
20160806	242	167	2	35
20160807	242	167	2	35
20160808	242	167	2	35
20160809	242	167	2	35
20160810	242	167	2	35
20160811	242	167	2	35
20160812	242	167	2	35
20160813	242	167	2	35
20160814	242	167	2	35
20160815	242	167	2	35
20160816	242	167	2	35
20160817	242	167	2	35
20160818	242	167	2	35
20160819	242	167	2	35
20160820	242	167	2	35
20160821	242	167	2	35
20160822	242	167	2	35
20160823	242	167	2	35
20160824	242	167	2	35
20160825	242	168	2	35
20160826	242	168	2	35
20160827	242	168	2	35
20160828	242	168	2	35
20160829	242	168	2	35
20160830	242	169	2	35
20160831	242	169	2	35
20160901	242	169	2	35
20160902	242	169	2	35
20160903	242	169	2	35
20160904	242	169	2	35
20160905	242	170	2	35
20160906	242	170	1	35
20160907	242	170	1	35
20160908	242	170	1	35
20160909	242	170	1	35
20160910	242	170	0	35
20160911	242	170	0	35
20160912	242	170	0	35
20160913	242	170	0	35
20160914	242	170	0	35
20160915	242	170	0	35
20160916	242	170	0	35
20160917	242	170	0	35
20160918	242	170	0	35
20160919	242	170	0	35
20160920	242	170	0	35
20160921	242	170	0	35
20160922	242	170	0	35
20160923	242	170	0	35
20160924	241	170	0	34
20160925	241	170	0	34
20160926	241	170	0	34
20160927	241	170	0	34
20160928	241	170	0	34
20160929	241	170	0	34
20160930	240	169	0	34
20161001	240	169	0	34
20161002	240	169	0	34
20161003	240	169	0	34
20161004	239	169	2	34
20161005	239	169	2	34
20161006	239	169	2	34
20161007	239	169	2	34
20161008	239	169	2	34
20161009	239	169	2	34
20161010	239	169	2	34
20161011	239	170	2	34
20161012	239	170	2	34
20161013	239	170	2	34
20161014	239	170	3	34
20161015	239	170	3	34
20161016	239	170	3	34
20161017	239	170	3	34
20161018	239	170	3	34
20161019	239	170	3	34
20161020	239	170	3	34
20161021	239	170	3	34
20161022	239	170	3	34
20161023	239	170	3	34
20161024	239	170	3	34
20161025	239	170	3	34
20161026	239	170	3	34
20161027	239	170	3	34
20161028	238	170	3	34
20161029	238	170	3	34
20161030	238	170	3	34
20161031	237	169	3	34
20161101	237	169	3	34
20161102	237	169	3	34
20161103	237	169	3	34
20161104	237	169	3	34
20161105	237	169	3	34
20161106	237	169	3	34
20161107	236	168	3	33
20161108	236	168	3	33
20161109	236	168	3	33
20161110	236	168	3	33
20161111	236	168	3	33
20161112	236	168	3	33
20161113	236	168	3	33
20161114	236	168	3	33
20161115	236	168	3	33
20161116	236	168	3	33
20161117	235	168	3	33
20161118	235	168	3	33
20161119	235	168	3	33
20161120	235	168	3	33
20161121	235	168	3	33
20161122	235	168	3	33
20161123	235	168	3	33
20161124	235	168	3	33
20161125	235	168	3	33
20161126	235	168	3	33
20161127	235	168	3	33
20161128	235	170	3	33
20161129	235	170	3	33
20161130	235	170	3	33
20161201	235	170	3	33
20161202	235	170	3	33
20161203	236	171	3	33
20161204	236	171	3	33
20161205	236	171	3	33
20161206	236	171	3	33
20161207	233	169	4	32
20161208	233	169	4	32
20161209	233	169	4	32
20161210	233	169	4	32
20161211	233	169	4	32
20161212	233	169	4	32
20161213	233	169	4	32
20161214	233	169	4	32
20161215	233	169	4	32
20161216	233	169	4	32
20161217	233	169	4	32
20161218	233	169	4	32
20161219	233	169	4	32
20161220	233	169	4	32
20161221	232	168	4	32
20161222	232	168	4	32
20161223	232	168	4	32
20161224	232	168	4	32
20161225	232	168	4	32
20161226	232	168	4	32
20161227	232	168	4	32
20161228	232	168	4	32
20161229	232	168	4	32
20161230	232	168	4	32
20161231	229	165	4	30
20170101	227	6	4	29
20170102	227	7	4	29
20170103	227	7	4	29
20170104	227	7	4	29
20170105	227	7	4	29
20170106	227	7	4	29
20170107	227	7	4	29
20170108	227	7	4	29
20170109	227	7	4	29
20170110	227	7	4	29
20170111	227	7	4	29
20170112	227	40	4	29
20170113	227	40	4	29
20170114	227	40	4	29
20170115	226	40	4	29
20170116	226	44	4	29
20170117	226	44	4	29
20170118	226	44	4	29
20170119	226	44	4	29
20170120	225	44	4	29
20170121	225	44	4	29
20170122	222	44	4	29
20170123	223	47	3	29
20170124	223	47	3	29
20170125	224	47	3	30
20170126	224	47	3	30
20170127	224	47	3	30
20170128	224	48	3	30
20170129	224	48	3	30
20170130	224	48	3	30
20170131	224	48	3	30
20170201	224	48	3	30
20170202	224	48	3	30
20170203	224	48	3	30
20170204	224	48	3	30
20170205	224	48	3	30
20170206	224	49	3	30
20170207	224	49	3	30
20170208	224	52	3	30
20170209	224	52	3	30
20170210	222	52	3	30
20170211	222	53	3	30
20170212	222	53	3	30
20170213	222	54	3	30
20170214	222	54	3	29
20170215	222	54	3	29
20170216	222	54	3	29
20170217	222	57	3	29
20170218	222	57	3	29
20170219	222	57	3	29
20170220	222	57	3	29
20170221	222	57	3	29
20170222	222	58	3	29
20170223	222	58	3	29
20170224	221	65	3	29
20170225	221	65	3	29
20170226	221	74	3	29
20170227	221	74	3	29
20170228	220	74	3	29
20170301	220	74	3	29
20170302	220	75	3	29
20170303	220	75	3	29
20170304	220	75	3	29
20170305	220	75	3	29
20170306	220	75	3	29
20170307	220	75	3	29
20170308	220	75	3	29
20170309	219	81	3	29
20170310	219	81	3	29
20170311	219	81	3	29
20170312	219	81	3	29
20170313	219	81	3	29
20170314	219	81	3	29
20170315	219	83	3	29
20170316	219	83	3	29
20170317	219	85	3	29
20170318	219	85	3	29
20170319	219	85	3	29
20170320	219	85	3	29
20170321	219	85	6	29
20170322	219	85	6	29
20170323	220	89	5	29
20170324	220	89	5	29
20170325	220	95	5	29
20170326	220	95	5	29
20170327	220	95	5	29
20170328	220	95	5	29
20170329	220	95	5	29
20170330	220	96	5	29
20170331	220	96	5	29
20170401	220	96	5	29
20170402	220	96	5	29
20170403	220	96	5	29
20170404	220	96	5	29
20170405	220	96	5	29
20170406	220	96	5	29
20170407	220	104	3	29
20170408	220	104	3	29
20170409	220	105	3	29
20170410	220	105	3	29
20170411	220	107	3	29
20170412	220	107	3	29
20170413	220	107	3	29
20170414	220	107	3	29
20170415	220	107	3	29
20170416	220	107	2	29
20170417	220	107	2	29
20170418	217	107	2	29
20170419	217	107	2	29
20170420	217	107	2	29
20170421	217	107	2	29
20170422	217	107	2	29
20170423	217	107	2	29
20170424	217	107	2	29
20170425	217	107	2	29
20170426	217	110	2	29
20170427	217	110	2	29
20170428	217	110	2	29
20170429	217	110	2	29
20170430	215	113	2	28
20170501	215	113	2	28
20170502	215	113	2	28
20170503	215	113	2	28
20170504	215	115	2	28
20170505	215	115	2	28
20170506	215	115	2	28
20170507	214	115	2	28
20170508	214	115	2	28
20170509	213	117	2	27
20170510	213	117	2	27
20170511	213	117	2	27
20170512	213	117	2	27
20170513	213	117	2	27
20170514	213	117	2	27
20170515	212	116	2	27
20170516	212	116	2	27
20170517	212	116	2	27
20170518	212	116	2	27
20170519	211	117	2	27
20170520	211	117	2	27
20170521	211	117	2	27
20170522	211	117	2	27
20170523	211	117	2	27
20170524	211	117	2	27
20170525	211	117	2	27
20170526	211	117	2	27
20170527	211	119	2	27
20170528	211	119	2	27
20170529	211	119	2	27
20170530	211	119	2	27
20170531	211	119	2	27
20170601	211	119	2	27
20170602	211	120	2	27
20170603	211	120	2	27
20170604	209	120	2	27
20170605	209	120	2	27
20170606	209	120	2	27
20170607	209	120	2	27
20170608	209	122	2	27
20170609	209	122	2	27
20170610	209	122	2	27
20170611	209	122	2	27
20170612	209	122	2	27
20170613	209	122	2	27
20170614	209	123	2	27
20170615	209	123	2	27
20170616	211	124	1	27
20170617	211	124	1	27
20170618	211	124	1	27
20170619	211	124	1	27
20170620	211	124	1	27
20170621	211	124	1	27
20170622	211	126	2	27
20170623	211	126	2	27
20170624	211	126	2	27
20170625	211	126	2	27
20170626	211	126	2	27
20170627	211	126	2	27
20170628	210	125	2	27
20170629	210	125	2	27
20170630	211	125	1	27
20170701	211	125	1	27
20170702	211	125	1	27
20170703	211	125	1	27
20170704	211	125	1	27
20170705	212	126	1	27
20170706	212	126	1	27
20170707	212	126	1	27
20170708	212	126	1	27
20170709	212	127	1	27
20170710	212	127	1	27
20170711	212	127	1	27
20170712	212	127	1	27
20170713	212	127	1	27
20170714	212	127	1	27
20170715	212	127	1	27
20170716	212	127	1	27
20170717	211	126	1	27
20170718	211	126	1	27
20170719	211	126	1	27
20170720	211	126	1	27
20170721	211	126	1	27
20170722	211	126	1	27
20170723	211	126	1	27
20170724	211	126	1	27
20170725	211	126	1	27
20170726	211	126	1	27
20170727	211	126	1	27
20170728	211	126	1	27
20170729	211	126	1	27
20170730	211	126	1	27
20170731	211	126	1	27
20170801	211	126	1	27
20170802	211	126	1	27
20170803	211	126	1	27
20170804	211	126	3	27
20170805	211	126	3	27
20170806	211	126	3	27
20170807	211	126	3	27
20170808	211	126	3	27
20170809	211	126	3	27
20170810	211	126	3	27
20170811	211	126	3	27
20170812	213	126	1	27
20170813	213	126	1	27
20170814	213	126	1	27
20170815	213	126	1	27
20170816	212	128	1	27
20170817	212	128	1	27
20170818	212	128	1	27
20170819	212	128	1	27
20170820	212	128	1	27
20170821	212	128	1	27
20170822	212	128	1	27
20170823	212	129	2	27
20170824	212	129	2	27
20170825	212	129	2	27
20170826	212	129	2	27
20170827	213	129	1	27
20170828	213	129	1	27
20170829	213	129	1	27
20170830	213	129	1	27
20170831	213	129	1	27
20170901	213	129	1	27
20170902	213	129	1	27
20170903	213	129	1	27
20170904	213	130	1	27
20170905	213	130	1	27
20170906	213	130	1	27
20170907	213	130	1	27
20170908	213	130	1	27
20170909	213	130	1	27
20170910	213	130	1	27
20170911	213	130	1	27
20170912	213	130	1	27
20170913	213	130	1	27
20170914	214	130	0	27
20170915	214	130	0	27
20170916	214	130	0	27
20170917	214	130	0	27
20170918	213	131	0	27
20170919	213	131	0	27
20170920	213	131	0	27
20170921	213	131	0	27
20170922	213	131	0	27
20170923	214	131	1	27
20170924	214	131	1	27
20170925	214	131	1	27
20170926	214	131	1	27
20170927	214	131	1	27
20170928	214	131	1	27
20170929	214	131	1	27
20170930	214	131	1	27
20171001	213	130	1	27
20171002	213	130	1	27
20171003	213	130	1	27
20171004	213	130	1	27
20171005	213	130	1	27
20171006	213	130	1	27
20171007	213	130	1	27
20171008	213	130	1	27
20171009	213	130	1	27
20171010	213	130	1	27
20171011	213	130	1	27
20171012	213	130	1	27
20171013	213	130	1	27
20171014	213	130	1	27
20171015	213	130	1	27
20171016	213	130	1	27
20171017	213	130	1	27
20171018	213	130	1	27
20171019	213	131	2	27
20171020	213	131	2	27
20171021	213	131	2	27
20171022	213	131	2	27
20171023	213	131	2	27
20171024	213	131	2	27
20171025	213	131	2	27
20171026	213	131	2	27
20171027	213	131	2	27
20171028	213	131	2	27
20171029	214	131	1	27
20171030	214	131	1	27
20171031	214	132	1	27
20171101	214	132	2	27
20171102	214	132	2	27
20171103	214	132	2	27
20171104	214	132	2	27
20171105	213	132	2	27
20171106	213	132	2	27
20171107	213	132	2	27
20171108	213	132	2	27
20171109	213	132	2	27
20171110	213	132	2	27
20171111	213	132	2	27
20171112	213	132	2	27
20171113	214	133	2	27
20171114	214	133	2	27
20171115	214	133	2	27
20171116	214	133	2	27
20171117	214	133	2	27
20171118	214	133	2	27
20171119	214	133	2	27
20171120	214	133	2	27
20171121	214	133	2	27
20171122	214	133	2	27
20171123	214	133	2	27
20171124	214	134	2	27
20171125	214	134	2	27
20171126	212	133	1	27
20171127	212	134	1	27
20171128	212	134	1	27
20171129	212	134	1	27
20171130	212	134	1	27
20171201	212	134	1	27
20171202	212	134	1	27
20171203	212	134	1	27
20171204	213	134	1	27
20171205	213	134	1	27
20171206	213	134	1	27
20171207	213	134	1	27
20171208	213	134	1	27
20171209	213	134	1	27
20171210	213	134	1	27
20171211	213	136	1	27
20171212	213	136	1	27
20171213	213	136	1	27
20171214	177	136	1	26
20171215	177	136	1	26
20171216	177	136	1	26
20171217	176	136	1	25
20171218	176	136	1	25
20171219	176	136	1	25
20171220	175	136	1	25
20171221	175	136	1	25
20171222	175	136	1	25
20171223	175	136	1	25
20171224	175	136	1	25
20171225	175	136	1	25
20171226	175	136	1	25
20171227	175	136	1	25
20171228	175	136	1	25
20171229	174	135	1	25
20171230	174	135	1	25
20171231	172	133	1	25
20180102	172	5	1	25
20180103	172	5	1	25
20180104	172	31	1	25
20180105	172	31	1	25
20180106	172	31	1	25
20180107	172	31	1	25
20180108	172	31	1	25
20180109	172	31	1	25
20180110	172	31	1	25
20180111	172	31	1	25
20180112	172	34	1	25
20180113	172	34	1	25
20180114	172	40	1	25
20180115	172	41	1	25
20180116	172	42	1	25
20180117	172	42	1	25
20180118	172	42	1	25
20180119	172	45	1	25
20180120	172	45	1	25
20180121	172	45	1	25
20180122	172	48	1	25
20180123	172	48	1	25
20180124	172	48	1	25
20180125	172	51	1	25
20180126	172	52	1	25
20180127	172	52	1	25
20180128	172	52	1	25
20180129	172	62	1	25
20180130	172	62	1	25
20180131	169	62	1	25
20180201	169	62	1	25
20180202	169	62	1	25
20180203	169	62	1	25
20180204	169	62	1	25
20180205	169	62	1	25
20180206	169	63	1	25
20180207	169	63	1	25
20180208	168	62	1	25
20180209	168	62	1	25
20180210	168	63	1	25
20180211	168	63	1	25
20180212	168	63	1	25
20180213	168	63	1	25
20180214	168	64	1	25
20180215	168	66	1	25
20180216	168	65	1	25
20180217	168	66	1	25
20180218	168	66	1	25
20180219	168	66	1	25
20180220	168	68	1	25
20180221	168	70	1	25
20180222	168	70	1	25
20180223	168	70	1	25
20180224	168	70	1	25
20180225	168	70	1	25
20180226	168	70	1	25
20180227	167	70	1	25
20180228	166	70	1	25
20180301	166	74	1	25
20180302	166	76	1	25
20180303	166	76	1	25
20180304	166	76	1	25
20180305	166	81	1	25
20180306	166	81	1	25
20180307	166	81	1	25
20180308	166	81	1	25
20180309	165	81	1	24
20180310	165	81	1	24
20180311	165	83	1	24
20180312	165	84	1	24
20180313	165	84	1	24
20180314	165	84	1	24
20180315	165	84	1	24
20180316	165	84	1	24
20180317	165	84	1	24
20180318	164	85	1	24
20180319	164	85	1	24
20180320	164	85	0	24
20180321	164	85	0	24
20180322	162	84	0	24
20180323	162	84	0	24
20180324	162	84	0	24
20180325	160	83	0	24
20180326	160	83	0	24
20180327	160	83	0	24
20180328	160	83	0	24
20180329	160	83	0	24
20180330	160	83	0	24
20180331	160	83	0	24
20180401	160	83	0	24
20180402	160	83	0	24
20180403	156	86	0	24
20180404	156	86	0	24
20180405	156	86	0	24
20180406	156	86	0	24
20180407	156	86	0	24
20180408	156	86	0	24
20180409	156	86	0	24
20180410	156	87	0	24
20180411	156	87	0	24
20180412	156	88	0	24
20180413	156	88	0	24
20180414	156	88	0	24
20180415	156	88	0	24
20180416	156	88	0	24
20180417	156	88	0	24
20180418	156	88	0	24
20180419	156	88	0	24
20180420	156	88	0	24
20180421	156	88	0	24
20180422	156	88	0	24
20180423	156	89	0	24
20180424	156	89	0	24
20180425	156	89	0	24
20180426	156	89	0	24
20180427	156	89	0	24
20180428	156	89	0	24
20180429	156	89	0	24
20180430	155	89	0	24
20180501	155	89	0	24
20180502	156	93	0	24
20180503	156	93	0	24
20180504	156	94	0	24
20180505	156	94	0	24
20180506	156	94	0	24
20180507	156	94	0	24
20180508	156	94	0	24
20180509	156	94	0	24
20180510	156	94	0	24
20180511	156	95	0	24
20180512	156	95	0	24
20180513	156	95	0	24
20180514	156	97	0	24
20180515	156	97	0	24
20180516	156	97	0	24
20180517	156	97	0	24
20180518	156	97	0	24
20180519	156	97	0	24
20180520	156	97	0	24
20180521	156	97	0	24
20180522	156	97	0	24
20180523	156	97	0	24
20180524	156	97	0	24
20180525	153	97	0	23
20180526	153	97	0	23
20180527	153	98	0	23
20180528	153	98	0	23
20180529	153	98	0	23
20180530	153	98	0	23
20180531	153	98	0	23
20180601	153	98	0	23
20180602	153	99	0	23
20180603	153	99	0	23
20180604	153	99	0	23
20180605	153	99	0	23
20180606	153	99	0	23
20180607	153	99	0	23
20180608	153	101	0	23
20180609	153	101	0	23
20180610	153	101	0	23
20180611	153	101	0	23
20180612	153	101	0	23
20180613	153	101	0	23
20180614	153	101	0	23
20180615	153	101	0	23
20180616	153	101	0	23
20180617	153	101	0	23
20180618	153	101	0	23
20180619	153	101	0	23
20180620	153	101	0	23
20180621	153	101	0	23
20180622	153	101	0	23
20180623	153	101	0	23
20180624	153	101	0	23
20180625	153	101	0	23
20180626	153	101	0	23
20180627	153	101	0	23
20180628	153	101	0	23
20180629	153	101	0	23
20180630	153	101	0	23
20180701	153	101	0	23
20180702	153	101	0	23
20180703	152	104	0	22
20180704	152	104	0	22
20180705	152	104	0	22
20180706	152	104	0	22
20180707	152	104	0	22
20180708	152	104	0	22
20180709	152	104	0	22
20180710	152	104	0	22
20180711	152	104	0	22
20180712	152	104	0	22
20180713	152	104	0	22
20180714	152	104	0	22
20180715	152	104	0	22
20180716	152	104	0	22
20180717	152	105	0	22
20180718	152	105	0	22
20180719	152	105	0	22
20180720	152	105	0	22
20180721	152	105	0	22
20180722	152	105	0	22
20180723	152	105	0	22
20180724	152	107	0	22
20180725	152	107	0	22
20180726	152	107	2	22
20180727	152	107	2	22
20180728	152	107	2	22
20180729	152	107	2	22
20180730	152	107	2	22
20180731	152	107	2	22
20180801	152	107	2	22
20180802	152	107	2	22
20180803	152	107	2	22
20180804	152	107	2	22
20180805	152	107	2	22
20180806	152	107	2	22
20180807	154	107	0	22
20180808	154	110	0	22
20180809	154	110	0	22
20180810	154	110	0	22
20180811	154	110	0	22
20180812	154	110	0	22
20180813	154	110	0	22
20180814	154	110	0	22
20180815	154	110	0	22
20180816	154	110	0	22
20180817	154	110	0	22
20180818	154	110	0	22
20180819	154	110	0	22
20180820	154	110	0	22
20180821	154	110	0	22
20180822	154	110	0	22
20180823	154	110	0	22
20180824	154	110	0	22
20180825	154	110	0	22
20180826	154	110	0	22
20180827	154	110	0	22
20180828	154	110	0	22
20180829	154	110	0	22
20180830	154	110	0	22
20180831	154	110	0	22
20180901	154	110	0	22
20180902	154	111	0	22
20180903	154	111	0	22
20180904	154	111	0	22
20180905	154	111	0	22
20180906	154	111	0	22
20180907	154	111	0	22
20180908	154	112	0	22
20180909	153	113	1	22
20180910	153	113	1	22
20180911	153	113	1	22
20180912	153	113	1	22
20180913	153	113	1	22
20180914	153	113	1	22
20180915	153	113	1	22
20180916	154	113	0	22
20180917	154	113	0	22
20180918	154	114	0	22
20180919	154	114	0	22
20180920	154	114	0	22
20180921	154	114	0	22
20180922	154	114	0	22
20180923	154	114	0	22
20180924	154	114	0	22
20180925	154	114	0	22
20180926	154	114	0	22
20180927	154	114	0	22
20180928	154	114	0	22
20180929	154	114	0	22
20180930	154	114	0	22
20181001	154	114	0	22
20181002	154	114	0	22
20181003	154	114	0	22
20181004	154	114	0	22
20181005	154	114	0	22
20181006	154	114	0	22
20181007	154	114	0	22
20181008	154	114	0	22
20181009	154	114	0	22
20181010	154	114	0	22
20181011	154	114	0	22
20181012	154	114	0	22
20181013	154	114	0	22
20181014	154	114	0	22
20181015	154	114	0	22
20181016	154	114	0	22
20181017	153	113	0	22
20181018	153	113	0	22
20181019	152	112	0	22
20181020	152	112	0	22
20181021	152	112	0	22
20181022	152	112	0	22
20181023	152	112	0	22
20181024	152	112	0	22
20181025	152	112	0	22
20181026	152	112	0	22
20181027	152	112	0	22
20181028	152	112	0	22
20181029	152	112	0	22
20181030	152	112	0	22
20181031	151	111	0	22
20181101	149	111	0	22
20181102	149	111	0	22
20181103	149	111	0	22
20181104	149	112	0	21
20181105	149	112	0	21
20181106	149	112	0	21
20181107	149	112	0	21
20181108	149	112	0	21
20181109	149	112	0	21
20181110	149	112	0	21
20181111	149	113	0	21
20181112	149	113	0	21
20181113	149	113	0	21
20181114	149	113	0	21
20181115	149	113	0	21
20181116	149	113	0	21
20181117	149	113	0	21
20181118	149	113	0	21
20181119	149	113	0	21
20181120	149	113	0	21
20181121	149	113	0	21
20181122	149	113	0	21
20181123	148	113	0	21
20181124	148	113	0	21
20181125	148	113	0	21
20181126	148	113	0	21
20181127	148	113	0	21
20181128	148	113	0	21
20181129	148	113	0	21
20181130	148	113	0	21
20181201	148	113	0	21
20181202	148	113	0	21
20181203	148	113	0	21
20181204	148	113	0	21
20181205	148	113	0	21
20181206	148	113	0	21
20181207	148	113	0	21
20181208	148	113	0	21
20181209	148	113	0	21
20181210	148	113	0	21
20181211	148	113	0	21
20181212	148	113	0	21
20181213	148	113	0	21
20181214	148	113	0	21
20181215	148	113	0	21
20181216	148	113	0	21
20181217	148	113	0	21
20181218	148	114	0	21
20181219	148	114	0	21
20181220	148	114	0	21
20181221	148	114	0	21
20181222	148	114	0	21
20181223	148	114	0	21
20181224	148	114	0	21
20181225	148	114	0	21
20181226	148	114	0	21
20181227	148	114	0	21
20181228	148	114	0	21
20181229	148	114	0	21
20181230	148	114	0	21
20181231	143	110	0	21
20190101	143	8	0	21
20190102	143	8	0	21
20190103	143	8	0	21
20190104	143	10	0	21
20190105	143	10	0	21
20190106	143	13	0	21
20190107	143	37	0	21
20190108	143	37	0	21
20190109	143	37	0	21
20190110	143	37	0	21
20190111	143	38	0	21
20190112	143	38	0	21
20190113	143	38	0	21
20190114	143	39	0	21
20190115	143	39	0	21
20190116	143	39	0	21
20190117	143	39	0	21
20190118	143	39	0	21
20190119	143	39	0	21
20190120	143	39	0	21
20190121	143	39	0	21
20190122	143	39	0	21
20190123	143	39	0	21
20190124	143	39	0	21
20190125	143	41	0	21
20190126	143	42	0	21
20190127	143	42	0	21
20190128	143	42	0	21
20190129	143	42	0	21
20190130	143	42	0	21
20190131	143	42	0	21
20190201	143	42	0	21
20190202	143	43	1	21
20190203	143	44	1	21
20190204	143	44	1	21
20190205	143	44	1	21
20190206	143	44	1	21
20190207	143	44	1	21
20190208	143	44	1	21
20190209	143	44	1	21
20190210	143	44	1	21
20190211	143	44	1	21
20190212	143	50	1	21
20190213	143	50	1	21
20190214	143	50	1	21
20190215	143	50	1	21
20190216	143	52	1	21
20190217	143	52	1	21
20190218	143	54	1	21
20190219	143	55	1	21
20190220	143	55	1	21
20190221	143	55	1	21
20190222	143	56	1	21
20190223	143	56	1	21
20190224	143	57	1	21
20190225	143	57	1	21
20190226	143	59	4	21
20190227	143	59	4	21
20190228	143	61	4	21
20190301	143	61	4	21
20190302	143	61	4	21
20190303	143	64	4	21
20190304	143	64	4	21
20190305	143	64	4	21
20190306	143	64	4	21
20190307	143	64	5	21
20190308	143	64	5	21
20190309	145	64	3	21
20190310	145	64	3	21
20190311	145	68	3	21
20190312	144	67	3	20
20190313	144	67	3	20
20190314	144	69	3	20
20190315	144	70	3	20
20190316	144	70	3	20
20190317	144	70	3	20
20190318	144	70	3	20
20190319	144	70	3	20
20190320	144	70	3	20
20190321	144	70	3	20
20190322	144	72	3	20
20190323	144	72	3	20
20190324	144	72	3	20
20190325	144	72	3	20
20190326	144	72	3	20
20190327	144	73	3	20
20190328	144	74	7	20
20190329	144	74	7	20
20190330	147	76	4	20
20190331	147	76	4	20
20190401	147	81	4	20
20190402	147	81	4	20
20190403	147	81	4	20
20190404	147	81	4	20
20190405	147	82	4	20
20190406	147	82	4	20
20190407	147	84	4	20
20190408	147	84	4	20
20190409	147	84	7	20
20190410	147	84	7	20
20190411	147	84	7	20
20190412	147	85	7	20
20190413	149	86	5	20
20190414	149	88	9	20
20190415	149	88	9	20
20190416	149	88	9	20
20190417	149	88	9	20
20190418	149	88	9	20
20190419	150	88	9	20
20190420	152	89	7	20
20190421	152	90	7	20
20190422	152	90	7	20
20190423	152	90	7	20
20190424	152	90	7	20
20190425	152	90	7	20
20190426	152	90	7	20
20190427	152	90	7	20
20190428	152	92	7	20
20190429	152	92	7	20
20190430	152	92	8	20
20190501	152	92	8	20
20190502	152	92	8	20
20190503	152	92	8	20
20190503	152	92	8	20
20190504	154	92	9	20
20190505	154	95	9	20
20190506	154	96	9	20
20190507	154	96	9	20
20190508	154	96	9	20
20190509	154	96	9	20
20190510	154	96	9	20
20190511	155	96	8	20
20190512	155	97	8	20
20190513	155	97	8	20
20190514	155	97	8	20
20190515	155	97	8	20
20190516	155	97	8	20
20190517	155	97	8	20
20190518	155	97	8	20
20190519	155	97	8	20
20190520	155	97	8	20
20190521	155	97	8	20
20190522	155	97	8	20
20190523	155	97	8	20
20190524	155	97	8	20
20190525	155	97	8	20
20190526	155	97	8	20
20190527	156	98	8	21
20190528	156	98	8	21
20190529	156	98	8	21
20190530	156	98	8	21
20190531	156	98	8	21
20190601	157	98	7	21
20190602	157	100	7	21
20190603	157	100	7	21
20190604	157	100	7	21
20190605	157	100	7	21
20190606	157	100	7	21
20190607	157	100	7	21
20190608	157	100	7	21
20190609	157	101	7	21
20190610	157	101	7	21
20190611	157	101	7	21
20190612	157	101	7	21
20190613	157	101	7	21
20190614	157	102	7	21
20190615	159	104	8	21
20190616	159	104	8	21
20190617	159	104	8	21
20190618	159	104	8	21
20190619	159	104	8	21
20190620	159	104	8	21
20190621	159	104	8	21
20190622	160	104	7	21
20190623	160	105	7	21
20190624	160	105	7	21
20190625	160	105	7	21
20190626	160	105	7	21
20190627	160	105	7	21
20190628	160	105	7	21
20190629	161	106	6	21
20190630	161	106	6	21
20190701	161	106	6	21
20190702	161	106	6	21
20190703	161	106	6	21
20190704	161	106	6	21
20190705	161	106	6	21
20190706	161	108	6	21
20190707	161	108	6	21
20190708	160	107	6	21
20190709	160	107	6	21
20190710	160	107	6	21
20190711	160	107	6	21
20190712	160	107	6	21
20190713	160	107	6	21
20190714	160	107	6	21
20190715	160	107	6	21
20190716	160	107	6	21
20190717	160	107	6	21
20190718	160	107	6	21
20190719	160	107	6	21
20190720	160	107	6	21
20190721	160	107	6	21
20190722	160	107	6	21
20190723	160	107	6	21
20190724	160	107	6	21
20190725	160	107	6	21
20190726	160	107	6	21
20190727	160	107	6	21
20190728	160	109	6	21
20190729	160	109	6	21
20190730	160	109	6	21
20190731	160	109	6	21
20190801	160	109	6	21
20190802	160	109	6	21
20190803	160	109	6	21
20190804	157	107	6	21
20190805	157	107	6	21
20190806	157	107	6	21
20190807	157	107	6	21
20190808	157	107	6	21
20190809	157	107	6	21
20190810	157	107	6	21
20190811	157	107	6	21
20190812	157	107	6	21
20190813	156	107	6	21
20190814	156	107	6	21
20190815	156	107	6	21
20190816	156	107	6	21
20190817	156	107	6	21
20190818	156	107	6	21
20190819	156	107	6	21
20190820	156	107	6	21
20190821	156	107	6	21
20190822	156	107	6	21
20190823	154	107	6	21
20190824	154	107	6	21
20190825	154	107	6	21
20190826	154	107	6	21
20190827	154	107	5	21
20190828	154	107	5	21
20190829	154	107	5	21
20190830	154	107	5	21
20190831	154	107	6	21
20190901	154	107	6	21
20190902	154	107	6	21
20190903	154	107	6	21
20190904	154	107	6	21
20190905	154	107	6	21
20190906	154	107	6	21
20190907	153	106	6	21
20190908	153	107	6	21
20190909	153	107	6	21
20190910	153	108	6	21
20190911	153	108	6	21
20190912	153	108	6	21
20190913	153	108	6	21
20190914	153	108	6	21
20190915	153	109	6	21
20190916	153	109	6	21
20190917	153	109	6	21
20190918	152	108	6	21
20190919	152	108	6	21
20190920	152	108	6	21
20190921	152	108	6	21
20190922	152	108	6	21
20190923	152	108	6	21
20190924	152	108	6	21
20190925	152	108	6	21
20190926	152	108	5	21
20190927	152	108	5	21
20190928	152	108	5	21
20190929	152	108	5	21
20190930	152	108	5	21
20191001	152	108	5	21
20191002	152	108	5	21
20191003	152	108	5	21
20191004	152	108	5	21
20191005	152	108	5	21
20191006	152	108	5	21
20191007	151	108	5	21
20191008	151	108	4	21
20191009	151	108	4	21
20191010	151	108	4	21
20191011	151	108	4	21
20191012	151	108	3	21
20191013	151	108	3	21
20191014	151	108	3	21
20191015	151	108	3	21
20191016	151	108	3	21
20191017	151	108	3	21
20191018	150	107	3	21
20191019	150	107	3	21
20191020	150	107	3	21
20191021	150	107	3	21
20191022	150	107	3	21
20191023	150	107	3	21
20191024	150	107	3	21
20191025	150	107	3	21
20191026	150	107	3	21
20191027	150	107	3	21
20191028	150	107	3	21
20191029	149	106	5	21
20191030	149	106	5	21
20191031	149	106	5	21
20191101	149	106	5	21
20191102	151	106	3	21
20191103	151	108	2	21
20191104	151	108	2	21
20191105	151	108	2	21
20191106	151	108	2	21
20191107	151	108	2	21
20191108	151	108	2	21
20191109	151	108	2	21
20191110	151	108	2	21
20191111	151	108	2	21
20191112	150	107	2	21
20191113	150	107	2	21
20191114	150	107	2	21
20191115	150	107	2	21
20191116	150	107	2	21
20191117	150	107	2	21
20191119	150	107	2	21
20191120	150	107	2	21
20191121	150	107	2	21
20191122	150	107	2	21
20191123	150	107	2	21
20191124	152	108	2	21
20191125	152	108	2	21
20191126	152	110	2	21
20191127	152	110	2	21
20191128	152	110	2	21
20191129	152	110	2	21
20191130	152	110	2	21
20191201	152	110	2	21
20191202	152	110	2	21
20191203	152	110	2	21
20191204	152	110	2	21
20191205	152	110	2	21
20191206	152	110	2	21
20191207	152	110	2	21
20191208	152	110	2	21
20191209	152	110	3	21
20191210	152	110	3	21
20191211	152	110	3	21
20191212	152	110	3	21
20191213	152	110	3	21
20191214	152	110	2	21
20191215	152	110	2	21
20191216	152	110	2	21
20191217	152	110	2	21
20191218	153	110	1	21
20191219	153	110	1	21
20191220	153	110	1	21
20191221	151	108	1	21
20191222	151	108	1	21
20191223	151	108	1	21
20191224	151	108	1	21
20191225	151	108	1	21
20191226	151	108	1	21
20191227	150	107	1	21
20191228	150	107	1	21
20191229	149	106	1	21
20191230	149	106	1	21
20191231	148	105	1	21
20200101	148	0	1	21
20200102	148	1	1	21
20200103	147	1	1	21
20200104	147	1	1	21
20200105	147	2	1	21
20200106	147	21	1	21
20200107	147	21	1	21
20200108	147	21	1	21
20200109	147	21	1	21
20200110	147	21	1	21
20200111	147	21	1	21
20200112	147	23	1	21
20200113	147	25	1	21
20200114	147	25	1	21
20200115	147	25	1	21
20200116	147	25	1	21
20200117	147	25	1	21
20200118	147	25	1	21
20200119	147	26	1	21
20200120	147	26	1	21
20200121	147	26	1	21
20200122	145	25	1	20
20200123	145	25	1	20
20200124	145	25	1	20
20200125	145	25	1	20
20200126	145	26	1	20
20200127	145	26	1	20
20200128	145	26	1	20
20200129	145	26	1	20
20200130	145	26	1	20
20200131	145	26	1	20
20200201	145	26	1	20
20200202	145	26	1	20
20200203	145	26	2	20
20200204	145	26	2	20
20200205	145	26	2	20
20200206	145	26	2	20
20200207	145	26	2	20
20200208	145	26	2	20
20200209	145	28	2	20
20200210	145	28	2	20
20200211	145	28	2	20
20200212	145	28	2	20
20200213	145	28	2	20
20200214	145	28	2	20
20200215	145	28	2	20
20200216	145	31	2	20
20200217	145	33	2	20
20200218	145	33	2	20
20200219	145	33	2	20
20200220	145	35	2	20
20200221	145	35	2	20
20200222	145	35	2	20
20200223	145	38	2	20
20200224	142	38	2	20
20200225	142	38	2	20
20200226	142	38	2	20
20200227	142	38	2	20
20200228	142	38	2	20
20200229	142	38	2	20
20200301	142	40	1	20
20200302	142	40	1	20
20200303	142	40	1	20
20200304	142	40	1	20
20200305	142	40	1	20
20200306	142	40	1	20
20200307	142	40	1	20
20200308	142	43	1	20
20200309	142	43	1	20
20200310	142	43	1	20
20200311	141	43	1	20
20200312	141	43	1	20
20200313	141	43	1	20
20200314	141	43	1	20
20200315	141	46	1	20
20200316	141	46	1	20
20200317	141	46	1	20
20200318	141	46	1	20
20200319	141	46	1	20
20200320	141	46	1	20
20200321	141	46	1	20
20200322	141	48	1	20
20200323	141	50	1	20
20200324	141	50	1	20
20200325	141	50	1	20
20200326	141	50	1	20
20200327	141	50	1	20
20200328	141	50	1	20
20200329	141	53	1	20
20200330	141	53	1	20
20200331	141	53	1	20
20200401	141	54	2	20
20200402	141	54	2	20
20200403	141	54	2	20
20200404	142	54	1	20
20200405	142	55	1	20
20200406	142	56	1	20
20200407	142	56	2	20
20200408	142	56	2	20
20200409	142	56	2	20
20200410	142	56	2	20
20200411	142	56	2	20
20200412	142	56	2	20
20200413	142	57	2	20
20200414	142	57	2	20
20200415	142	57	2	20
20200416	142	57	2	20
20200417	142	57	2	20
20200418	142	57	2	20
20200419	142	57	2	20
20200420	142	57	2	20
20200421	142	57	2	20
20200422	142	57	2	20
20200423	142	57	2	20
20200424	142	57	2	20
20200425	142	57	2	20
20200426	142	59	2	20
20200427	142	59	2	20
20200428	142	59	2	20
20200429	142	59	2	20
