# ISO-Datum	Mitgl	stimmb	Quelle
20071216	11		http://www.piratenpartei-sh.de/downloads.html?func=startdown&id=59
20080122	26
20080405	29
20080406	31
20090426	47
20090521	51
20090613	60
20090616	70
20090617	71
20090620	79
20090623	95
20090624	110
20090625	112
20090702	133
20090705	141
20090706	142
20090707	147
20090710	164
20090715	169
20090716	170
20090726	220
20090802	219
20090805	225
20090811	235
20090813	248
20090824	265
20090829	269
20090912	281
20090916	295
20090918	305
20090919	311
20090920	313
20090923	326
20090924	331
20090926	336
20091006	352
20091011	358
20091122	358
20100302	361		http://www.piratenpartei-sh.de/downloads.html?func=startdown&id=85
20100326	373
20100520	380
20100823	379		http://www.piratenpartei-sh.de/downloads.html?func=startdown&id=112
20101019	377		http://www.piratenpartei-sh.de/downloads.html?func=startdown&id=117
20101102	377		http://www.piratenpartei-sh.de/downloads.html?func=startdown&id=118
20101114	374		http://www.piratenpartei-sh.de/downloads.html?func=startdown&id=123
20101130	371		http://www.piratenpartei-sh.de/downloads.html?func=startdown&id=124
20101213	370		http://www.piratenpartei-sh.de/downloads.html?func=startdown&id=125
20110103	372		http://www.piratenpartei-sh.de/downloads.html?func=startdown&id=126
20110124	375		http://www.piratenpartei-sh.de/downloads.html?func=startdown&id=127
20110205	375		http://www.piratenpartei-sh.de/downloads.html?func=startdown&id=128
20110221	373		http://www.piratenpartei-sh.de/downloads.html?func=startdown&id=129
20110307	371		http://www.piratenpartei-sh.de/downloads.html?func=startdown&id=130
20110322	367		http://www.piratenpartei-sh.de/downloads.html?func=startdown&id=131
20110404	368		http://www.piratenpartei-sh.de/downloads.html?func=startdown&id=132
20110418	369		http://www.piratenpartei-sh.de/downloads.html?func=startdown&id=133
20110503	369		http://www.piratenpartei-sh.de/downloads.html?func=startdown&id=134
20110517	372		http://www.piratenpartei-sh.de/downloads.html?func=startdown&id=135
20110609	374		http://www.piratenpartei-sh.de/downloads.html?func=startdown&id=140
20110626	372		http://www.piratenpartei-sh.de/downloads.html?func=startdown&id=146
20110707	374		http://vorstand.piratenpartei.de/2011/07/11/protokoll-zur-vorstandssitzung-2011-07-07/#Aktuelle_Kennzahlen
20110711	374		http://www.piratenpartei-sh.de/downloads.html?func=startdown&id=150
20110725	374		http://www.piratenpartei-sh.de/downloads.html?func=startdown&id=151
20110808	376		http://www.piratenpartei-sh.de/downloads.html?func=startdown&id=152
20110822	376		http://www.piratenpartei-sh.de/downloads.html?func=startdown&id=153
20110905	372		http://www.piratenpartei-sh.de/downloads.html?func=startdown&id=154
20110915	376		http://vorstand.piratenpartei.de/2011/09/27/protokoll-zur-vorstandssitzung-2011-15-09/#Aktuelle_Kennzahlen
20110917	372		http://www.piratenpartei-sh.de/downloads.html?func=startdown&id=155
20110929	376		http://vorstand.piratenpartei.de/2011/10/03/protokoll-zur-vorstandssitzung-2011-09-29/#Aktuelle_Kennzahlen
20111001	420
20111002	422
20111004	428		http://piratenpartei-sh.de/index.php/mitmachen/downloads-a-logos/category/2-protokolle-vorstandssitzungen?download=26
20111005	450
20111008	477
#20111013	376		http://vorstand.piratenpartei.de/2011/10/27/protokoll-zur-vorstandssitzung-2011-10-13/
20111017	517		https://wiki.piratenpartei.de/SH:Vorstand/Sitzungen/2011-10-17
20111030	544		https://wiki.piratenpartei.de/SH:Vorstand/Sitzungen/2011-10-30
20111114	549		https://wiki.piratenpartei.de/SH:Vorstand/Sitzungen/2011-11-14
20111128	550		https://wiki.piratenpartei.de/SH:Vorstand/Sitzungen/2011-11-28
20111204	580		http://piratenpartei.wortgewalt.de/docs/bpt112/
20111212	604		https://wiki.piratenpartei.de/SH:Vorstand/Sitzungen/2011-12-12
20120107	617
20120123	626		https://wiki.piratenpartei.de/SH:Vorstand/Sitzungen/2012-01-23
20120206	635		https://wiki.piratenpartei.de/SH:Vorstand/Sitzungen/2012-02-06
20120220	638		https://wiki.piratenpartei.de/SH:Vorstand/Sitzungen/2012-02-20
20120305	649		https://wiki.piratenpartei.de/SH:Vorstand/Sitzungen/2012-03-05
20120319	676		https://wiki.piratenpartei.de/SH:Vorstand/Sitzungen/2012-03-19
20120402	719		https://wiki.piratenpartei.de/SH:Vorstand/Sitzungen/2012-04-02
20120416	730		https://wiki.piratenpartei.de/SH:Vorstand/Sitzungen/2012-04-16
20120425	856		https://wiki.piratenpartei.de/Bundesparteitag_2012.1#Akkreditierungsstatistik
20120426	892
20120430	901		https://wiki.piratenpartei.de/SH:Vorstand/Sitzungen/2012-04-30
20120514	1018		https://wiki.piratenpartei.de/SH:Vorstand/Sitzungen/2012-05-14
20120529	1027		https://wiki.piratenpartei.de/SH:Vorstand/Sitzungen/2012-05-29
20120611	1058		https://wiki.piratenpartei.de/SH:Vorstand/Sitzungen/2012-06-11
20120710	1066
20120718	1067
20120719	1078		https://wiki.piratenpartei.de/SH:Vorstand/Protokolle/2012-07-19_-_Protokoll_Vorstand_Schleswig-Holstein#Generalsekret.C3.A4r
20120816	1071		https://wiki.piratenpartei.de/SH:Vorstand/Protokolle/2012-08-16_-_Protokoll_Vorstand_Schleswig-Holstein#Generalsekret.C3.A4r_-_Heiko
20120829	1083		https://wiki.piratenpartei.de/SH:Vorstand/Protokolle/2012-08-29_-_Protokoll_Vorstand_Schleswig-Holstein#Generalsekret.C3.A4r_-_Heiko
20120912	1092		https://wiki.piratenpartei.de/SH:Vorstand/Protokolle/2012-09-12_-_Protokoll_Vorstand_Schleswig-Holstein#Generalsekret.C3.A4r_-_Heiko
20120926	1090		https://wiki.piratenpartei.de/SH:Vorstand/Protokolle/2012-09-26_-_Protokoll_Vorstand_Schleswig-Holstein#Generalsekret.C3.A4r
20121017	1062		https://wiki.piratenpartei.de/SH:Vorstand/Protokolle/2012-10-17_-_Protokoll_Vorstand_Schleswig-Holstein#Generalsekret.C3.A4r_-_Heiko
20121023	1054	578
20121027	1058	539	http://www.machmaldieaugenauf.de/2012/10/27/vorbereitung-der-bpt-akkreditierung/
20121105	1051	514	http://www.machmaldieaugenauf.de/2012/10/27/vorbereitung-der-bpt-akkreditierung/
20121111	1047	525	http://www.machmaldieaugenauf.de/2012/10/27/vorbereitung-der-bpt-akkreditierung/
20121114	1050		https://wiki.piratenpartei.de/SH:Vorstand/Protokolle/2012-11-14_-_Protokoll_Vorstand_Schleswig-Holstein#Generalsekret.C3.A4r_.28Heiko.29
20121118	1047	520	http://www.machmaldieaugenauf.de/2012/10/27/vorbereitung-der-bpt-akkreditierung/
20121125	1054	583	http://www.machmaldieaugenauf.de/2012/11/22/infos-zur-akkreditierung-beim-piraten-bundesparteitag-2012-2-bpt122/
20121128	1054	583	http://www.machmaldieaugenauf.de/2012/11/28/abschliesende-statistiken-bpt122/
20121128	1057		https://wiki.piratenpartei.de/SH:Vorstand/Protokolle/2012-11-28_-_Protokoll_Vorstand_Schleswig-Holstein#Generalsekret.C3.A4r_.28Heiko.29
20130102	1059		https://wiki.piratenpartei.de/SH:Vorstand/Protokolle/2013-01-09_-_Protokoll_Vorstand_Schleswig-Holstein#Generalsekret.C3.A4r_.28Heiko.29
20130109	1050		https://wiki.piratenpartei.de/SH:Vorstand/Protokolle/2013-01-09_-_Protokoll_Vorstand_Schleswig-Holstein#Generalsekret.C3.A4r_.28Heiko.29
20130123	1050		https://wiki.piratenpartei.de/SH:Vorstand/Protokolle/2013-01-23_-_Protokoll_Vorstand_Schleswig-Holstein#Generalsekret.C3.A4r_.28Heiko.29
20130206	1053		https://wiki.piratenpartei.de/SH:Vorstand/Protokolle/2013-02-06_-_Protokoll_Vorstand_Schleswig-Holstein#Generalsekret.C3.A4r_.28Heiko.29
20130220	1054		https://wiki.piratenpartei.de/SH:Vorstand/Protokolle/2013-02-20_-_Protokoll_Vorstand_Schleswig-Holstein#Generalsekret.C3.A4r_.28Heiko.29
20130306	1055		https://wiki.piratenpartei.de/SH:Vorstand/Protokolle/2013-03-06_-_Protokoll_Vorstand_Schleswig-Holstein#Generalsekret.C3.A4r_.28Heiko.29
20130320	1062		https://wiki.piratenpartei.de/SH:Vorstand/Protokolle/2013-03-20_-_Protokoll_Vorstand_Schleswig-Holstein#Generalsekret.C3.A4r_.28Heiko.29
20130417	1046		https://wiki.piratenpartei.de/SH:Vorstand/Protokolle/2013-04-17_-_Protokoll_Vorstand_Schleswig-Holstein#Generalsekret.C3.A4r_.28Heiko.29
20130422	1033	275	http://www.machmaldieaugenauf.de/2013/04/22/vorbereitung-der-akkreditierung-zum-bpt-in-neumarkt/
20130428	1032	319	http://www.machmaldieaugenauf.de/2013/04/22/vorbereitung-der-akkreditierung-zum-bpt-in-neumarkt/
20130505	1031	320	http://www.machmaldieaugenauf.de/2013/04/22/vorbereitung-der-akkreditierung-zum-bpt-in-neumarkt/
20130512	1028	319	http://www.machmaldieaugenauf.de/2013/05/08/infos-zur-akkreditierung-beim-piraten-bundesparteitag-2013-2-bpt131/
20130513	1028	319	http://www.machmaldieaugenauf.de/2013/05/13/abschliesende-statistiken-bpt131/
20130515	1027		https://wiki.piratenpartei.de/SH:Vorstand/Protokolle/2013-05-15_-_Protokoll_Vorstand_Schleswig-Holstein#Generalsekret.C3.A4r
20130529	1002		https://wiki.piratenpartei.de/SH:Vorstand/Protokolle/2013-05-29_-_Protokoll_Vorstand_Schleswig-Holstein#Generalsekret.C3.A4r_.28Heiko.29
20130612	991		https://wiki.piratenpartei.de/SH:Vorstand/Protokolle/2013-06-12_-_Protokoll_Vorstand_Schleswig-Holstein#Generalsekret.C3.A4r_.28Heiko.29
20130710	988		https://wiki.piratenpartei.de/SH:Vorstand/Protokolle/2013-07-10_-_Protokoll_Vorstand_Schleswig-Holstein#Generalsekret.C3.A4r_.28Henry.29
20130724	982	508	https://wiki.piratenpartei.de/SH:Vorstand/Protokolle/2013-07-24_-_Protokoll_Vorstand_Schleswig-Holstein#Generalsekret.C3.A4r_.28Henry.29
20130807	979		https://wiki.piratenpartei.de/SH:Vorstand/Protokolle/2013-08-07_-_Protokoll_Vorstand_Schleswig-Holstein#Generalsekret.C3.A4r_.28Henry.29
20130821	980		https://wiki.piratenpartei.de/SH:Vorstand/Protokolle/2013-08-21_-_Protokoll_Vorstand_Schleswig-Holstein#Generalsekret.C3.A4r_.28Henry.29
20130904	980		https://wiki.piratenpartei.de/SH:Vorstand/Protokolle/2013-09-04_-_Protokoll_Vorstand_Schleswig-Holstein#Generalsekret.C3.A4r_.28Henry.29
20130918	979		https://wiki.piratenpartei.de/SH:Vorstand/Protokolle/2013-09-18_-_Protokoll_Vorstand_Schleswig-Holstein#Generalsekret.C3.A4r_.28Henry.29
20131002	974	497	https://wiki.piratenpartei.de/SH:Vorstand/Protokolle/2013-10-02_-_Protokoll_Vorstand_Schleswig-Holstein#Generalsekret.C3.A4r_.28Henry.29
20131016	965		https://wiki.piratenpartei.de/SH:Vorstand/Protokolle/2013-10-16_-_Protokoll_Vorstand_Schleswig-Holstein#Generalsekret.C3.A4r_.28Henry.29
20131026	960	364	http://www.machmaldieaugenauf.de/2013/10/26/vorbereitung-der-akkreditierung-zum-bpt-in-bremen/
20131030	966		https://wiki.piratenpartei.de/SH:Vorstand/Protokolle/2013-10-30_-_Protokoll_Vorstand_Schleswig-Holstein#Generalsekret.C3.A4r_.28Henry.29
20131113	968		https://wiki.piratenpartei.de/SH:Vorstand/Protokolle/2013-11-13_-_Protokoll_Vorstand_Schleswig-Holstein#Generalsekret.C3.A4r_.28Henry.29
20131118	962	430	http://www.machmaldieaugenauf.de/2013/10/26/vorbereitung-der-akkreditierung-zum-bpt-in-bremen/
20131123	965	432	http://www.machmaldieaugenauf.de/2013/10/26/vorbereitung-der-akkreditierung-zum-bpt-in-bremen/
20131201	965	433	http://www.machmaldieaugenauf.de/2013/12/02/abschliessende-statistiken-zum-bpt132/
20131211	961		https://wiki.piratenpartei.de/SH:Vorstand/Protokolle/2013-12-11_-_Protokoll_Vorstand_Schleswig-Holstein#Generalsekret.C3.A4r_.28Henry.29
20140101	944	20
#20140105	928		http://blog.alexzinser.de/?p=90
20140105	944	199	http://www.machmaldieaugenauf.de/2014/02/10/abschliessende-akkreditierungsstatistiken-zum-bpt141-und-zur-av-eu/
20140108	943		https://wiki.piratenpartei.de/SH:Vorstand/Protokolle/2014-01-08_-_Protokoll_Vorstand_Schleswig-Holstein#Generalsekret.C3.A4r_.28Henry.29
20140122	934		https://wiki.piratenpartei.de/SH:Vorstand/Protokolle/2014-01-22_-_Protokoll_Vorstand_Schleswig-Holstein#Generalsekret.C3.A4r_.28Henry.29
20140205	937		https://wiki.piratenpartei.de/SH:Vorstand/Protokolle/2014-02-05_-_Protokoll_Vorstand_Schleswig-Holstein#Generalsekret.C3.A4r_.28Henry.29
20140208	937	215
20140219	931		https://wiki.piratenpartei.de/SH:Vorstand/Protokolle/2014-02-19_-_Protokoll_Vorstand_Schleswig-Holstein#Generalsekret.C3.A4r_.28Henry.29
20140305	930		https://wiki.piratenpartei.de/SH:Vorstand/Protokolle/2014-03-05_-_Protokoll_Vorstand_Schleswig-Holstein#Generalsekret.C3.A4r_.28Henry.29
20140319	927		https://wiki.piratenpartei.de/SH:Vorstand/Protokolle/2014-03-19_-_Protokoll_Vorstand_Schleswig-Holstein#Generalsekret.C3.A4r_.28Henry.29
20140330	926		https://wiki.piratenpartei.de/SH:Vorstand/Protokolle/2014-03-30_-_Protokoll_Vorstand_Schleswig-Holstein#Generalsekret.C3.A4r_.28Henry.29
20140401	923	212
20140416	922		https://wiki.piratenpartei.de/SH:Vorstand/Protokolle/2014-04-16_-_Protokoll_Vorstand_Schleswig-Holstein#Generalsekret.C3.A4r_.28Henry.29
20140430	921		https://wiki.piratenpartei.de/SH:Vorstand/Protokolle/2014-04-30_-_Protokoll_Vorstand_Schleswig-Holstein#Generalsekret.C3.A4r_.28Henry.29
20140514	918		https://wiki.piratenpartei.de/SH:Vorstand/Protokolle/2014-05-14_-_Protokoll_Vorstand_Schleswig-Holstein#Generalsekret.C3.A4r_.28Henry.29
20140528	919		https://wiki.piratenpartei.de/SH:Vorstand/Protokolle/2014-05-28_-_Protokoll_Vorstand_Schleswig-Holstein#Generalsekret.C3.A4r_.28Henry.29
20140611	916		https://wiki.piratenpartei.de/SH:Vorstand/Protokolle/2014-06-11_-_Protokoll_Vorstand_Schleswig-Holstein#Generalsekret.C3.A4r_.28Henry.29
20140723	907		https://wiki.piratenpartei.de/SH:Vorstand/Protokolle/2014-07-23_-_Protokoll_Vorstand_Schleswig-Holstein#Generalsekret.C3.A4r_.28Henry.29
20140803	905	440
20140806	906		https://wiki.piratenpartei.de/SH:Vorstand/Protokolle/2014-08-06_-_Protokoll_Vorstand_Schleswig-Holstein#Generalsekret.C3.A4r_.28Henry.29
20140820	905		https://wiki.piratenpartei.de/SH:Vorstand/Protokolle/2014-08-20_-_Protokoll_Vorstand_Schleswig-Holstein#Generalsekret.C3.A4r_.28Henry.29
20140828	900		https://twitter.com/H3rmi/status/505047264071790592/photo/1
20140903	899		https://wiki.piratenpartei.de/SH:Vorstand/Protokolle/2014-09-03_-_Protokoll_Vorstand_Schleswig-Holstein#Generalsekret.C3.A4r_.28Henry.29
20140911	898	105	https://twitter.com/H3rmi/status/510137422357995520/photo/1
20140917	894		https://wiki.piratenpartei.de/SH:Vorstand/Protokolle/2014-09-17_-_Protokoll_Vorstand_Schleswig-Holstein#Generalsekret.C3.A4r_.28Henry.29
20140925	889	263	https://twitter.com/H3rmi/status/515199307776266240/photo/1
20140929	885	426
20141001	884		https://wiki.piratenpartei.de/SH:Vorstand/Protokolle/2014-10-01_-_Protokoll_Vorstand_Schleswig-Holstein#Generalsekret.C3.A4r_.28Henry.29
20141005	885	263
20141015	874		https://wiki.piratenpartei.de/SH:Vorstand/Protokolle/2014-10-15_-_Protokoll_Vorstand_Schleswig-Holstein#Generalsekret.C3.A4r_.28Henry.29
20141023	876	280	https://twitter.com/Bundes_GenSek/status/525300116002181120
20141029	870		https://wiki.piratenpartei.de/SH:Vorstand/Protokolle/2014-10-29_-_Protokoll_Vorstand_Schleswig-Holstein#Generalsekret.C3.A4r_.28Henry.29
20141106	864	276
20141112	864		https://wiki.piratenpartei.de/SH:Vorstand/Protokolle/2014-11-12_-_Protokoll_Vorstand_Schleswig-Holstein#Generalsekret.C3.A4r_.28Henry.29
20141126	860		https://wiki.piratenpartei.de/SH:Vorstand/Protokolle/2014-11-26_-_Protokoll_Vorstand_Schleswig-Holstein#Generalsekret.C3.A4r_.28Henry.29
20141210	860		https://wiki.piratenpartei.de/SH:Vorstand/Protokolle/2014-12-10_-_Protokoll_Vorstand_Schleswig-Holstein#Generalsekret.C3.A4r_.28Henry.29
20150102	832	0
20150107	834		https://wiki.piratenpartei.de/SH:Vorstand/Protokolle/2015-01-07_-_Protokoll_Vorstand_Schleswig-Holstein#Generalsekret.C3.A4r_.28Henry.29
20150121	829		https://wiki.piratenpartei.de/SH:Vorstand/Protokolle/2015-01-21_-_Protokoll_Vorstand_Schleswig-Holstein#Generalsekret.C3.A4r_.28Henry.29
20150128	828	163
20150204	827		https://wiki.piratenpartei.de/SH:Vorstand/Protokolle/2015-02-04_-_Protokoll_Vorstand_Schleswig-Holstein#Generalsekret.C3.A4r_.28Henry.29
20150312	824	181	http://vorstand.piratenpartei.de/2015/03/12/neues-aus-der-mitgliederverwaltung/
20150326	825	181	http://vorstand.piratenpartei.de/2015/03/26/neues-aus-der-mitgliederverwaltung-2/
20150409	823	196	http://vorstand.piratenpartei.de/2015/04/09/neues-aus-der-mitgliederverwaltung-3/
20150507	821	201	http://vorstand.piratenpartei.de/2015/05/07/neues-aus-der-mitgliederverwaltung-4/#
#
# https://wiki.piratenpartei.de/SH:Vorstand/Protokolle
# https://wiki.piratenpartei.de/Landesverband_Schleswig-Holstein/Vorstand
# http://www.piratenpartei-sh.de/index.php?option=com_remository&Itemid=44&func=select&id=2&orderby=4
20150608	518	204	3	55	scraped from http://finanzen.piratenpartei.de/statistik.php
20150609	517	204	3	55	scraped
20150610	517	204	3	55	scraped
20150611	517	204	3	55	scraped
20150612	517	204	4	55	scraped
20150613	517	204	4	55	scraped
20150614	516	203	4	55	scraped
20150615	516	204	4	55	scraped
20150616	516	204	4	55	scraped
20150617	516	204	4	55	scraped
20150618	516	204	4	55	scraped
20150619	516	204	4	55	scraped
20150620	516	204	4	55	scraped
20150621	516	204	4	55	scraped
20150622	516	204	4	55	scraped
20150623	516	204	4	55	scraped
20150624	515	203	4	55	scraped
20150625	515	203	4	55	scraped
20150626	514	202	4	54	scraped
20150627	514	202	4	54	scraped
20150628	514	202	4	54	scraped
20150629	514	203	4	54	scraped
20150630	514	203	4	54	scraped
20150701	514	203	4	54	scraped
20150702	514	203	4	54	scraped
20150703	515	203	4	54	scraped
20150704	515	203	4	54	scraped
20150705	515	203	4	54	scraped
20150706	515	203	4	54	scraped
20150707	515	203	4	54	scraped
20150708	515	203	4	54	scraped
20150709	515	203	4	54	scraped
20150710	515	203	4	54	scraped
20150711	515	203	4	54	scraped
20150712	515	203	4	54	scraped
20150713	515	203	4	54	scraped
20150714	515	203	4	54	scraped
20150715	515	203	4	54	scraped
20150716	515	203	4	54	scraped
20150717	515	204	4	54	scraped
20150718	514	204	4	54	scraped
20150719	514	204	4	54	scraped
20150720	514	205	4	54	scraped
20150721	513	204	4	54	scraped
20150722	513	204	4	54	scraped
20150723	513	204	4	54	scraped
20150724	513	204	4	54	scraped
20150725	513	204	4	54	scraped
20150726	513	204	4	54	scraped
20150727	513	204	4	54	scraped
20150728	513	204	4	54	scraped
20150729	513	205	4	54	scraped
20150730	513	205	4	54	scraped
20150731	513	205	4	54	scraped
20150801	513	205	4	54	scraped
20150802	513	205	4	54	scraped
20150803	513	207	4	54	scraped
20150804	513	212	4	54	scraped
20150805	513	212	3	54	scraped
20150806	513	212	3	54	scraped
20150807	513	212	3	54	scraped
20150808	513	212	3	54	scraped
20150809	513	212	4	54	scraped
20150810	513	212	4	54	scraped
20150811	513	212	4	54	scraped
20150812	513	212	4	54	scraped
20150813	513	212	3	54	scraped
20150814	513	212	3	54	scraped
20150815	513	212	3	54	scraped
20150816	513	212	3	54	scraped
20150817	513	212	3	54	scraped
20150818	513	212	3	54	scraped
20150819	512	212	3	54	scraped
20150820	511	212	3	54	scraped
20150821	511	212	3	54	scraped
20150822	511	212	3	54	scraped
20150823	511	212	3	54	scraped
20150824	511	212	3	54	scraped
20150825	512	212	3	54	scraped
20150826	512	212	4	54	scraped
20150827	513	212	3	54	scraped
20150828	513	213	3	54	scraped
20150829	513	213	3	54	scraped
20150830	513	213	3	54	scraped
20150831	513	213	3	54	scraped
20150901	513	213	3	54	scraped
20150902	513	213	3	54	scraped
20150903	513	213	3	54	scraped
20150904	514	214	2	54	scraped
20150905	514	214	2	54	scraped
20150906	514	214	2	54	scraped
20150907	514	214	2	54	scraped
20150908	514	214	2	54	scraped
20150909	514	215	2	54	scraped
20150910	514	216	2	54	scraped
20150911	513	216	2	54	scraped
20150912	513	216	2	54	scraped
20150913	512	216	2	54	scraped
20150914	511	216	2	54	scraped
20150915	511	216	2	54	scraped
20150916	511	216	2	54	scraped
20150917	511	216	2	54	scraped
20150918	510	215	2	54	scraped
20150919	510	215	2	54	scraped
20150920	509	214	2	54	scraped
20150921	509	214	2	54	scraped
20150922	509	214	2	54	scraped
20150923	509	214	2	54	scraped
20150924	509	214	2	54	scraped
20150925	509	214	2	54	scraped
20150926	509	214	2	54	scraped
20150927	509	214	2	54	scraped
20150928	509	214	2	54	scraped
20150929	509	214	2	54	scraped
20150930	514	215	2	55	scraped
20151001	514	215	2	55	scraped
20151002	514	215	2	55	scraped
20151003	514	215	2	55	scraped
20151004	514	215	2	55	scraped
20151005	514	216	2	55	scraped
20151006	514	216	2	55	scraped
20151007	514	216	2	55	scraped
20151008	514	216	2	55	scraped
20151009	514	216	2	55	scraped
20151010	514	216	2	55	scraped
20151011	514	216	2	55	scraped
20151012	514	216	2	55	scraped
20151013	514	216	2	55	scraped
20151014	514	216	2	55	scraped
20151015	514	218	2	55	scraped
20151016	514	218	2	55	scraped
20151017	514	218	2	55	scraped
20151018	514	218	2	55	scraped
20151019	514	218	2	55	scraped
20151020	514	218	2	55	scraped
20151021	514	218	2	55	scraped
20151022	514	218	2	55	scraped
20151023	514	218	2	55	scraped
20151024	514	218	2	55	scraped
20151025	514	218	2	55	scraped
20151026	514	218	2	55	scraped
20151027	514	218	2	55	scraped
20151028	514	218	2	55	scraped
20151029	511	216	2	55	scraped
20151030	511	216	2	55	scraped
20151031	511	216	2	55	scraped
20151101	511	216	2	55	scraped
20151102	511	217	2	55	scraped
20151103	511	219	2	55	scraped
20151104	511	219	2	55	scraped
20151105	510	218	2	54	scraped
20151106	508	216	2	54	scraped
20151107	508	216	2	54	scraped
20151108	508	216	2	54	scraped
20151109	508	216	2	54	scraped
20151110	508	216	2	54	scraped
20151111	505	216	3	54	scraped
20151112	505	216	3	54	scraped
20151113	505	216	3	54	scraped
20151114	505	216	3	54	scraped
20151115	505	216	3	54	scraped
20151116	505	216	3	54	scraped
20151117	505	216	3	54	scraped
20151118	504	215	3	54	scraped
20151119	504	216	3	54	scraped
20151120	504	216	3	54	scraped
20151121	504	216	2	54	scraped
20151122	504	216	2	54	scraped
20151123	504	216	2	54	scraped
20151124	504	216	2	54	scraped
20151125	504	216	2	54	scraped
20151126	504	216	2	54	scraped
20151127	504	216	2	54	scraped
20151128	504	216	2	54	scraped
20151129	504	216	2	54	scraped
20151130	504	217	2	54	scraped
20151201	504	217	2	54	scraped
20151202	504	217	2	54	scraped
20151203	504	217	2	54	scraped
20151204	504	217	2	54	scraped
20151205	503	216	2	54	scraped
20151206	503	216	2	54	scraped
20151207	503	216	2	54	scraped
20151208	503	216	2	54	scraped
20151209	502	215	2	53	scraped
20151210	502	215	2	53	scraped
20151211	503	215	0	53	scraped
20151212	503	215	0	53	scraped
20151213	503	215	0	53	scraped
20151214	503	215	0	53	scraped
20151215	503	215	0	53	scraped
20151216	502	214	0	52	scraped
20151217	502	214	0	52	scraped
20151218	500	212	0	52	scraped
20151219	498	211	0	52	scraped
20151220	498	211	0	52	scraped
20151221	498	211	0	52	scraped
20151222	498	211	0	52	scraped
20151223	498	211	0	52	scraped
20151224	498	211	0	52	scraped
20151225	498	211	0	52	scraped
20151226	498	211	0	52	scraped
20151227	498	211	0	52	scraped
20151228	498	211	0	52	scraped
20151229	498	211	0	52	scraped
20151230	496	209	0	51	scraped
20151231	492	206	0	49	scraped
20160101	492	4	0	49	scraped
20160102	492	136	0	49	scraped
20160103	492	136	0	49	scraped
20160104	490	134	0	49	scraped
20160105	490	134	0	49	scraped
20160106	490	137	0	49	scraped
20160107	490	137	0	49	scraped
20160108	489	136	0	49	scraped
20160109	489	136	0	49	scraped
20160110	489	136	0	49	scraped
20160111	489	136	0	49	scraped
20160112	489	135	0	49	scraped
20160113	488	134	0	48	scraped
20160114	488	133	0	48	scraped
20160115	488	134	0	48	scraped
20160116	488	134	0	48	scraped
20160117	488	133	0	48	scraped
20160118	488	133	0	48	scraped
20160119	487	133	0	48	scraped
20160120	487	133	0	48	scraped
20160121	487	133	0	48	scraped
20160122	487	133	0	48	scraped
20160123	487	133	0	48	scraped
20160124	487	134	0	48	scraped
20160125	487	135	0	48	scraped
20160126	487	135	0	48	scraped
20160127	487	135	0	48	scraped
20160128	487	136	0	48
20160129	487	137	0	48
20160130	488	137	0	48
20160131	488	137	0	48
20160201	488	137	0	48
20160202	488	137	0	48
20160203	487	136	0	48
20160204	487	136	0	48
20160205	487	137	0	48
20160206	487	137	0	48
20160207	487	137	0	48
20160208	487	138	0	48
20160209	487	138	0	48
20160210	487	138	0	48
20160211	487	139	0	48
20160212	487	140	0	48
20160213	488	148	0	48
20160214	488	148	0	48
20160215	488	148	0	48
20160216	489	179	0	48
20160217	489	182	0	48
20160218	489	183	0	48
20160219	489	186	0	48
20160220	489	186	0	48
20160221	489	186	0	48
20160222	489	186	0	48
20160223	489	187	0	48
20160224	489	189	0	48
20160225	489	189	0	48
20160226	488	188	0	48
20160227	488	189	0	48
20160228	488	189	0	48
20160229	488	191	0	48
20160301	488	193	0	48
20160302	488	193	0	48
20160303	488	193	0	48
20160304	488	194	0	48
20160305	488	194	0	48
20160306	488	194	0	48
20160307	488	194	0	48
20160308	488	194	0	48
20160309	488	194	0	48
20160310	488	194	0	48
20160311	488	194	0	48
20160312	488	195	0	48
20160313	484	192	0	48
20160314	483	191	0	47
20160315	482	191	0	47
20160316	482	191	0	47
20160317	482	190	0	47
20160318	482	190	0	47
20160319	482	194	0	47
20160320	482	194	0	47
20160321	482	194	0	47
20160322	482	195	0	47
20160323	482	195	0	47
20160324	482	195	0	47
20160325	482	195	0	47
20160326	482	195	0	47
20160327	482	195	0	47
20160328	482	195	0	47
20160329	482	195	0	47
20160330	482	195	0	47
20160331	482	195	0	47
20160401	482	195	0	47
20160402	482	195	0	47
20160403	482	195	0	47
20160404	481	195	0	47
20160405	481	195	0	47
20160406	481	195	0	47
20160407	481	195	0	47
20160408	481	195	0	47
20160409	481	195	0	47
20160410	480	194	0	47
20160411	480	194	0	47
20160412	480	194	0	47
20160413	479	193	0	47
20160414	479	193	1	47
20160415	480	193	0	47
20160416	480	193	0	47
20160417	480	193	0	47
20160418	480	194	0	47
20160419	480	194	0	47
20160420	480	194	0	47
20160421	480	194	0	47
20160422	480	194	0	47
20160423	480	194	0	47
20160424	480	194	0	47
20160425	480	194	0	47
20160426	480	194	0	47
20160427	480	194	0	47
20160428	480	194	0	47
20160429	480	194	0	47
20160430	480	194	0	47
20160501	480	194	0	47
20160502	480	194	0	47
20160503	480	194	0	47
20160504	480	194	0	47
20160505	480	194	0	47
20160506	480	194	0	47
20160507	480	194	0	47
20160508	480	194	0	47
20160509	480	194	0	47
20160510	480	194	0	47
20160511	480	194	0	47
20160512	480	194	0	47
20160513	480	195	0	47
20160514	480	195	1	47
20160515	480	195	1	47
20160516	480	195	1	47
20160517	480	195	0	46
20160518	480	195	0	46
20160519	479	197	0	46
20160520	479	197	0	46
20160521	479	197	0	46
20160522	479	197	0	46
20160523	479	197	0	46
20160524	479	197	0	46
20160525	479	197	0	46
20160526	479	197	0	46
20160527	475	197	0	46
20160528	475	197	0	46
20160529	475	197	0	46
20160530	475	197	0	46
20160531	475	197	0	46
20160601	475	197	0	46
20160602	475	197	0	46
20160603	475	197	0	46
20160604	475	197	0	46
20160605	475	198	0	46
20160606	475	198	0	46
20160607	475	198	0	46
20160608	475	198	0	46
20160609	475	198	0	46
20160610	475	198	0	46
20160611	475	198	0	46
20160612	475	198	0	46
20160613	475	198	0	46
20160614	475	198	0	46
20160615	475	198	0	46
20160616	476	198	0	46
20160617	476	198	0	46
20160618	476	198	0	46
20160619	476	198	0	46
20160620	476	198	0	46
20160621	475	198	2	45
20160622	477	199	0	45
20160623	477	200	0	45
20160624	477	200	0	45
20160625	477	200	0	45
20160626	477	200	0	45
20160627	477	200	0	45
20160628	477	200	0	45
20160629	475	199	0	45
20160630	474	199	0	45
20160701	474	199	0	45
20160702	474	199	0	45
20160703	474	199	0	45
20160704	474	199	0	45
20160705	474	199	0	45
20160706	474	199	0	45
20160707	474	199	0	45
20160708	474	199	0	45
20160709	474	199	0	45
20160710	474	199	0	45
20160711	474	199	0	45
20160712	474	199	0	45
20160713	473	199	0	45
20160714	473	200	1	45
20160715	473	200	1	45
20160716	472	200	1	45
20160717	472	200	1	45
20160718	471	200	1	45
20160719	471	200	1	45
20160720	471	200	1	45
20160721	471	200	1	45
20160722	471	200	1	45
20160723	471	200	1	45
20160724	471	200	1	45
20160725	471	200	1	45
20160726	471	200	1	45
20160727	471	200	1	45
20160728	471	200	1	45
20160729	471	200	1	45
20160730	471	200	1	45
20160731	471	200	1	45
20160801	471	200	1	45
20160802	471	200	1	45
20160803	471	200	1	45
20160804	471	200	1	45
20160805	471	200	1	45
20160806	471	200	1	45
20160807	471	200	1	45
20160808	471	200	1	45
20160809	471	200	1	45
20160810	471	200	1	45
20160811	471	200	1	45
20160812	471	200	1	45
20160813	471	200	1	45
20160814	471	200	1	45
20160815	471	200	1	45
20160816	471	200	1	45
20160817	471	200	1	45
20160818	471	200	1	45
20160819	470	199	1	45
20160820	470	199	1	45
20160821	470	199	1	45
20160822	470	199	1	45
20160823	470	199	1	45
20160824	470	199	1	45
20160825	470	199	1	45
20160826	470	199	1	45
20160827	470	199	1	45
20160828	470	199	1	45
20160829	470	199	1	45
20160830	470	200	1	45
20160831	470	200	1	45
20160901	470	200	1	45
20160902	470	200	1	45
20160903	470	200	1	45
20160904	470	200	1	45
20160905	470	200	1	45
20160906	470	200	1	45
20160907	470	200	1	45
20160908	470	200	1	45
20160909	468	198	1	44
20160910	468	198	1	44
20160911	468	198	1	44
20160912	468	198	1	44
20160913	468	198	1	44
20160914	468	198	1	44
20160915	468	198	1	44
20160916	468	199	1	44
20160917	468	199	1	44
20160918	468	199	1	44
20160919	468	199	1	44
20160920	468	199	1	44
20160921	468	199	1	44
20160922	468	199	1	44
20160923	468	199	1	44
20160924	468	199	1	44
20160925	468	199	1	44
20160926	468	199	1	44
20160927	468	199	1	44
20160928	468	199	1	44
20160929	468	199	1	44
20160930	467	198	1	44
20161001	467	198	1	44
20161002	467	198	1	44
20161003	468	198	0	44
20161004	468	198	0	44
20161005	468	198	0	44
20161006	468	198	0	44
20161007	469	199	0	44
20161008	469	199	0	44
20161009	469	199	1	44
20161010	469	199	1	44
20161011	469	199	1	44
20161012	469	199	1	44
20161013	469	199	2	44
20161014	469	199	2	44
20161015	469	199	2	44
20161016	469	199	1	44
20161017	469	199	1	44
20161018	469	199	1	44
20161019	469	199	1	44
20161020	470	199	1	44
20161021	469	198	1	44
20161022	469	198	1	44
20161023	469	198	1	44
20161024	469	198	1	44
20161025	469	198	1	44
20161026	469	198	1	44
20161027	469	198	1	44
20161028	469	198	1	44
20161029	469	198	1	44
20161030	469	198	1	44
20161031	469	198	1	44
20161101	469	198	1	44
20161102	469	198	1	44
20161103	469	198	1	44
20161104	469	198	1	44
20161105	469	198	1	44
20161106	469	198	1	44
20161107	469	201	1	44
20161108	469	202	1	44
20161109	469	202	1	44
20161110	469	202	1	44
20161111	469	202	1	44
20161112	469	202	1	44
20161113	470	208	0	44
20161114	470	208	0	44
20161115	470	208	0	44
20161116	470	208	0	44
20161117	470	208	1	44
20161118	470	208	1	44
20161119	470	208	1	44
20161120	471	208	0	44
20161121	471	209	0	44
20161122	471	209	0	44
20161123	471	209	0	44
20161124	471	209	0	44
20161125	471	209	0	44
20161126	471	209	0	44
20161127	471	209	0	44
20161128	471	209	0	44
20161129	471	209	0	44
20161130	468	206	1	44
20161201	468	206	1	44
20161202	468	206	1	44
20161203	468	206	1	44
20161204	468	206	1	44
20161205	468	206	1	44
20161206	468	206	1	44
20161207	468	206	1	44
20161208	468	206	1	44
20161209	467	206	1	44
20161210	467	206	1	44
20161211	467	206	1	44
20161212	466	206	1	44
20161213	466	206	1	44
20161214	466	206	1	44
20161215	466	206	1	44
20161216	466	206	1	44
20161217	466	206	1	44
20161218	466	206	1	44
20161219	467	206	0	44
20161220	467	206	0	44
20161221	462	205	0	43
20161222	462	205	0	43
20161223	460	205	0	43
20161224	459	205	0	43
20161225	459	205	0	43
20161226	459	205	0	43
20161227	459	205	0	43
20161228	459	205	0	43
20161229	459	205	0	43
20161230	459	205	0	43
20161231	457	203	0	42
20170101	456	1	0	42
20170102	456	1	0	42
20170103	453	1	0	41
20170104	453	1	0	41
20170105	453	1	0	41
20170106	453	1	0	41
20170107	453	1	0	41
20170108	453	1	0	41
20170109	453	1	0	41
20170110	453	1	0	41
20170111	453	1	0	41
20170112	452	116	0	40
20170113	452	90	0	40
20170114	452	90	0	40
20170115	452	90	0	40
20170116	452	94	0	40
20170117	452	94	0	40
20170118	447	94	0	40
20170119	447	94	0	40
20170120	447	95	0	40
20170121	447	96	0	40
20170122	447	96	0	40
20170123	447	90	0	40
20170124	447	90	0	40
20170125	446	90	0	39
20170126	446	90	0	39
20170127	446	90	0	39
20170128	446	91	0	39
20170129	446	91	0	39
20170130	446	91	0	39
20170131	446	91	1	39
20170201	446	91	1	39
20170202	446	91	1	39
20170203	446	91	1	39
20170204	446	91	1	39
20170205	446	91	1	39
20170206	446	91	1	39
20170207	446	91	1	39
20170208	446	92	1	39
20170209	446	92	1	39
20170210	446	92	1	39
20170211	446	92	1	39
20170212	446	92	1	39
20170213	446	92	1	39
20170214	446	92	1	39
20170215	445	92	2	39
20170216	445	92	2	39
20170217	444	92	2	39
20170218	444	92	2	39
20170219	444	92	2	39
20170220	444	92	2	39
20170221	444	92	2	39
20170222	444	92	2	39
20170223	444	92	2	39
20170224	444	93	2	39
20170225	444	93	2	39
20170226	444	93	2	39
20170227	444	93	2	39
20170228	444	93	2	39
20170301	444	93	2	39
20170302	444	93	2	39
20170303	444	93	2	39
20170304	444	93	2	39
20170305	444	93	2	39
20170306	444	93	2	39
20170307	444	93	2	39
20170308	444	93	2	39
20170309	444	93	2	39
20170310	444	93	2	39
20170311	444	93	2	39
20170312	444	93	2	39
20170313	444	93	2	39
20170314	444	93	2	39
20170315	444	94	2	39
20170316	444	94	2	39
20170317	444	94	2	39
20170318	444	94	2	39
20170319	444	94	2	39
20170320	444	94	2	39
20170321	444	94	2	39
20170322	444	94	2	39
20170323	444	94	2	39
20170324	444	94	2	39
20170325	444	94	2	39
20170326	444	94	2	39
20170327	444	94	2	39
20170328	444	94	2	39
20170329	444	94	2	39
20170330	444	95	2	39
20170331	444	95	2	39
20170401	444	95	2	39
20170402	444	95	2	39
20170403	444	95	2	39
20170404	444	95	2	39
20170405	444	95	2	39
20170406	444	95	2	39
20170407	443	97	2	39
20170408	443	97	2	39
20170409	443	97	2	39
20170410	443	97	2	39
20170411	443	97	3	39
20170412	443	97	3	39
20170413	443	97	3	39
20170414	443	97	3	39
20170415	443	97	3	39
20170416	441	97	3	39
20170417	441	97	3	39
20170418	443	99	4	39
20170419	443	99	4	39
20170420	443	99	4	39
20170421	443	99	4	39
20170422	443	99	4	39
20170423	443	99	4	39
20170424	443	99	4	39
20170425	443	99	4	39
20170426	442	100	4	39
20170427	442	100	4	39
20170428	442	100	4	39
20170429	442	100	4	39
20170430	443	101	3	39
20170501	443	101	3	39
20170502	443	101	3	39
20170503	443	101	3	39
20170504	443	101	3	39
20170505	443	101	3	39
20170506	443	101	3	39
20170507	443	101	3	39
20170508	443	101	3	39
20170509	443	101	3	39
20170510	443	101	3	39
20170511	440	111	3	39
20170512	440	111	3	39
20170513	440	111	3	39
20170514	440	111	3	39
20170515	433	123	4	39
20170516	433	123	4	39
20170517	433	123	4	39
20170518	433	123	4	39
20170519	431	153	3	39
20170520	431	153	3	39
20170521	431	153	3	39
20170522	431	153	3	39
20170523	431	153	3	39
20170524	431	153	3	39
20170525	431	153	3	39
20170526	431	153	3	39
20170527	434	156	6	39
20170528	434	156	6	39
20170529	435	157	5	39
20170530	435	157	5	39
20170531	434	157	5	39
20170601	434	157	5	39
20170602	434	157	5	39
20170603	434	157	5	39
20170604	434	157	5	39
20170605	434	157	5	39
20170606	434	157	5	39
20170607	434	157	5	39
20170608	432	160	5	39
20170609	432	160	5	39
20170610	432	160	5	39
20170611	432	160	5	39
20170612	432	160	5	39
20170613	432	160	5	39
20170614	432	160	5	39
20170615	432	160	5	39
20170616	429	159	6	39
20170617	429	159	6	39
20170618	430	159	5	39
20170619	430	159	5	39
20170620	430	159	5	39
20170621	430	159	5	39
20170622	428	159	5	38
20170623	428	159	5	38
20170624	428	159	5	38
20170625	428	159	5	38
20170626	428	159	5	38
20170627	428	159	5	38
20170628	428	159	5	38
20170629	428	159	5	38
20170630	428	159	5	38
20170701	428	159	5	38
20170702	428	159	5	38
20170703	428	159	5	38
20170704	428	159	5	38
20170705	428	159	5	38
20170706	428	159	5	38
20170707	421	157	5	37
20170708	421	157	5	37
20170709	421	157	5	37
20170710	421	157	5	37
20170711	420	157	5	37
20170712	420	157	5	37
20170713	420	157	5	37
20170714	420	157	5	37
20170715	420	157	5	37
20170716	420	157	5	37
20170717	420	158	5	37
20170718	420	158	5	37
20170719	420	158	5	37
20170720	420	158	5	37
20170721	420	158	5	37
20170722	420	158	5	37
20170723	418	157	5	37
20170724	418	157	5	37
20170725	418	157	5	37
20170726	418	157	5	37
20170727	417	157	5	37
20170728	417	157	5	37
20170729	417	157	5	37
20170730	417	157	5	37
20170731	417	157	5	37
20170801	417	157	5	37
20170802	417	157	5	37
20170803	417	157	5	37
20170804	417	157	5	37
20170805	417	157	5	37
20170806	417	157	5	37
20170807	417	157	5	37
20170808	417	157	5	37
20170809	417	157	5	37
20170810	417	157	5	37
20170811	417	157	5	37
20170812	417	157	5	37
20170813	417	157	5	37
20170814	417	157	5	37
20170815	417	157	5	37
20170816	417	157	5	37
20170817	417	157	5	37
20170818	417	157	5	37
20170819	417	157	5	37
20170820	417	157	5	37
20170821	417	157	5	37
20170822	417	157	5	37
20170823	417	157	5	37
20170824	417	157	5	37
20170825	416	157	5	37
20170826	416	157	5	37
20170827	416	157	5	37
20170828	416	157	5	37
20170829	416	157	5	37
20170830	416	157	5	37
20170831	415	156	5	37
20170901	415	156	5	37
20170902	415	156	5	37
20170903	415	156	5	37
20170904	415	156	5	37
20170905	415	156	5	37
20170906	413	155	5	37
20170907	413	155	5	37
20170908	413	155	5	37
20170909	413	155	5	37
20170910	413	155	5	37
20170911	413	155	5	37
20170912	413	155	5	37
20170913	413	155	5	37
20170914	414	156	7	37
20170915	414	156	7	37
20170916	414	156	7	37
20170917	414	156	7	37
20170918	415	156	6	37
20170919	415	156	6	37
20170920	415	156	6	37
20170921	415	156	6	37
20170922	415	156	6	37
20170923	415	156	6	37
20170924	415	156	6	37
20170925	415	156	6	37
20170926	415	156	6	37
20170927	415	156	6	37
20170928	415	156	6	37
20170929	415	156	6	37
20170930	412	155	6	37
20171001	414	155	4	37
20171002	414	155	4	37
20171003	414	155	4	37
20171004	414	155	4	37
20171005	414	155	4	37
20171006	414	155	4	37
20171007	414	155	4	37
20171008	414	155	4	37
20171009	414	155	4	37
20171010	414	155	4	37
20171011	414	155	4	37
20171012	414	155	4	37
20171013	414	155	4	37
20171014	414	155	4	37
20171015	414	155	4	37
20171016	414	155	4	37
20171017	414	155	4	37
20171018	414	155	4	37
20171019	415	158	3	37
20171020	415	158	3	37
20171021	415	158	3	37
20171022	415	158	3	37
20171023	415	158	3	37
20171024	414	157	3	37
20171025	414	157	3	37
20171026	414	157	3	37
20171027	414	157	3	37
20171028	414	157	3	37
20171029	415	157	2	37
20171030	415	157	2	37
20171031	415	160	2	37
20171101	415	160	2	37
20171102	415	160	2	37
20171103	415	160	2	37
20171104	415	160	2	37
20171105	415	160	2	37
20171106	412	159	2	37
20171107	412	159	2	37
20171108	412	159	2	37
20171109	412	159	2	37
20171110	412	159	2	37
20171111	412	159	2	37
20171112	412	159	2	37
20171113	411	159	2	37
20171114	411	159	2	37
20171115	410	159	2	37
20171116	410	159	2	37
20171117	410	159	2	37
20171118	410	159	2	37
20171119	410	159	2	37
20171120	410	159	2	37
20171121	410	159	2	37
20171122	410	159	2	37
20171123	410	159	2	37
20171124	410	159	0	37
20171125	410	159	0	37
20171126	410	159	0	37
20171127	410	159	0	37
20171128	410	159	0	37
20171129	410	159	0	37
20171130	410	159	0	37
20171201	410	159	0	37
20171202	410	159	0	37
20171203	410	159	0	37
20171204	410	159	0	37
20171205	410	159	0	37
20171206	410	159	0	37
20171207	410	159	0	37
20171208	410	159	0	37
20171209	410	159	0	37
20171210	410	159	0	37
20171211	410	160	0	37
20171212	410	160	0	37
20171213	410	160	0	37
20171214	410	160	0	37
20171215	410	160	0	37
20171216	410	160	0	37
20171217	409	159	0	37
20171218	407	157	0	37
20171219	406	156	0	37
20171220	404	154	0	37
20171221	404	154	0	37
20171222	403	153	0	37
20171223	402	152	0	37
20171224	402	152	0	37
20171225	402	152	0	37
20171226	402	152	0	37
20171227	402	152	0	37
20171228	402	152	0	37
20171229	402	152	0	37
20171230	402	152	0	37
20171231	397	147	0	36
20180102	397	1	0	36
20180103	397	1	0	36
20180104	397	77	0	36
20180105	397	77	0	36
20180106	397	80	0	36
20180107	397	80	0	36
20180108	397	80	0	36
20180109	397	80	0	36
20180110	397	80	0	36
20180111	397	80	0	36
20180112	397	78	0	36
20180113	397	78	0	36
20180114	397	81	0	36
20180115	397	82	0	36
20180116	397	81	0	36
20180117	397	81	0	36
20180118	396	80	0	36
20180119	396	80	0	36
20180120	396	80	0	36
20180121	396	85	0	36
20180122	395	85	0	36
20180123	393	85	0	36
20180124	390	85	0	36
20180125	390	86	0	36
20180126	390	87	0	36
20180127	390	87	0	36
20180128	388	87	0	35
20180129	388	100	0	35
20180130	388	100	0	35
20180131	387	100	0	35
20180201	387	100	0	35
20180202	387	100	0	35
20180203	387	100	0	35
20180204	387	100	0	35
20180205	387	100	0	35
20180206	386	100	0	35
20180207	386	100	0	35
20180208	386	100	0	35
20180209	386	100	0	35
20180210	386	100	0	35
20180211	386	100	0	35
20180212	386	100	0	35
20180213	386	100	0	35
20180214	386	100	0	35
20180215	386	101	0	35
20180216	386	101	0	35
20180217	386	102	0	35
20180218	386	102	0	35
20180219	386	102	0	35
20180220	386	103	0	35
20180221	385	103	0	35
20180222	385	103	0	35
20180223	385	103	0	35
20180224	382	101	0	34
20180225	381	101	0	34
20180226	381	101	0	34
