# ISO-Datum	Mitgl	stimmb	Quelle
20080122	12
20080405	12
20090202	17
20090524	18
20090526	19
20090601	21
20090614	23
20090623	36
#20090628	27		https://wiki.piratenpartei.de/Datei:Protokoll_Gruendung_Thueringen.pdf
20090715	73
20090806	93
20090813	100
20090827	120
20090912	150
20090924	184
20091018	215
20091122	215
20100121	227
20100408	227		https://wiki.piraten-thueringen.de/Landesverband_Th%C3%BCringen/Vorstandssitzung/2010-04-08
20100611	187
20100616	187		https://wiki.piraten-thueringen.de/Landesverband_Th%C3%BCringen/Vorstandssitzung/2010-06-16#TOP_6_-_aktuelle_Kennzahlen
20100623	187		https://wiki.piraten-thueringen.de/Landesverband_Th%C3%BCringen/Vorstandssitzung/2010-06-23#TOP_6_-_aktuelle_Kennzahlen
20100630	187		https://wiki.piraten-thueringen.de/Landesverband_Th%C3%BCringen/Vorstandssitzung/2010-06-30#TOP_6_-_aktuelle_Kennzahlen
20100714	187		https://wiki.piraten-thueringen.de/Landesverband_Th%C3%BCringen/Vorstandssitzung/2010-07-14#TOP_6_-_aktuelle_Kennzahlen
20100728	188		https://wiki.piraten-thueringen.de/Landesverband_Th%C3%BCringen/Vorstandssitzung/2010-07-28#TOP_6_-_aktuelle_Kennzahlen
20100811	190		https://wiki.piraten-thueringen.de/Landesverband_Th%C3%BCringen/Vorstandssitzung/2010-08-11#TOP_6_-_aktuelle_Kennzahlen
20100825	192		https://wiki.piraten-thueringen.de/Landesverband_Th%C3%BCringen/Vorstandssitzung/2010-08-25
20100908	192		https://wiki.piraten-thueringen.de/Landesverband_Th%C3%BCringen/Vorstandssitzung/2010-09-08#TOP_6_-_aktuelle_Kennzahlen
20100922	194		https://wiki.piraten-thueringen.de/Landesverband_Th%C3%BCringen/Vorstandssitzung/2010-09-22
20100923	192
20101006	195		https://wiki.piraten-thueringen.de/Landesverband_Th%C3%BCringen/Vorstandssitzung/2010-10-06
20101020	193		https://wiki.piraten-thueringen.de/Landesverband_Th%C3%BCringen/Vorstandssitzung/2010-10-20
20101103	194		https://wiki.piraten-thueringen.de/Landesverband_Th%C3%BCringen/Vorstandssitzung/2010-11-03#TOP_6_-_aktuelle_Kennzahlen
20101115	194
20101215	196		https://wiki.piraten-thueringen.de/Landesverband_Th%C3%BCringen/Vorstandssitzung/2010-12-15#TOP_6_-_aktuelle_Kennzahlen_2
20110105	196		https://wiki.piraten-thueringen.de/Landesverband_Th%C3%BCringen/Vorstandssitzung/2011-01-05
20110119	196		https://wiki.piraten-thueringen.de/index.php?title=TH:Vorstand/Vorstandssitzung/2011-01-19
20110123	197
20110202	194		https://wiki.piraten-thueringen.de/TH:Vorstand/Vorstandssitzung/2011-02-02#TOP_6_-_aktuelle_Kennzahlen
20110216	196		https://wiki.piraten-thueringen.de/TH:Vorstand/Vorstandssitzung/2011-02-16#TOP_6_-_aktuelle_Kennzahlen
20110302	197		https://wiki.piraten-thueringen.de/TH:Vorstand/Vorstandssitzung/2011-03-02#TOP_6_-_aktuelle_Kennzahlen
20110330	197
20110330			https://wiki.piraten-thueringen.de/TH:Vorstand/Vorstandssitzung/2011-03-30#TOP_6_-_aktuelle_Kennzahlen
20110413	159		https://vorstand.piraten-thueringen.de/2011/04/13/vorstandssitzung-vom-13-april-2011/
20110427	169		https://wiki.piraten-thueringen.de/TH:Vorstand/Vorstandssitzung/2011-04-27#TOP_6_-_aktuelle_Kennzahlen
20110511	169		https://wiki.piraten-thueringen.de/TH:Vorstand/Vorstandssitzung/2011-05-11#TOP_6_-_aktuelle_Kennzahlen
20110525	171		https://vorstand.piraten-thueringen.de/2011/05/25/die-letzte-vorstandssitzung-des-vorstandes-20102011-25-mai-2011/
20110608	171		https://wiki.piraten-thueringen.de/TH:Vorstand/Vorstandssitzung/2011-06-08-Protokoll#TOP_6_-_aktuelle_Kennzahlen
20110622	175		https://vorstand.piraten-thueringen.de/2011/06/22/vorstandssitzung-vom-22-juni-2011/
20110706	177		https://wiki.piraten-thueringen.de/TH:Vorstand/Vorstandssitzung/2011-07-06-Protokoll#TOP_6_-_aktuelle_Kennzahlen
20110707	177		http://vorstand.piratenpartei.de/2011/07/11/protokoll-zur-vorstandssitzung-2011-07-07/#Aktuelle_Kennzahlen
20110720	178		https://vorstand.piraten-thueringen.de/2011/07/20/vorstandssitzung-vom-20-juli-2011/
20110803	178		https://vorstand.piraten-thueringen.de/2011/08/03/vorstandssitzung-vom-03-august-2011/
20110817	181		https://vorstand.piraten-thueringen.de/2011/08/17/vorstandssitzung-vom-17-august-2011/
20110831	183		https://vorstand.piraten-thueringen.de/2011/08/31/vorstandssitzung-vom-31-august-2011/
20110914	183		https://vorstand.piraten-thueringen.de/2011/09/14/vorstandssitzung-vom-14-9-2011/
20110915	186		http://vorstand.piratenpartei.de/2011/09/27/protokoll-zur-vorstandssitzung-2011-15-09/#Aktuelle_Kennzahlen
20110921	209		http://twitter.com/irm_tw/status/116498630847889410
20110923	218
20110924	223
20110925	225
20110928	230		https://vorstand.piraten-thueringen.de/2011/09/28/vorstandssitzung-vom-28-9-2011/
20110929	230		http://vorstand.piratenpartei.de/2011/10/03/protokoll-zur-vorstandssitzung-2011-09-29/#Aktuelle_Kennzahlen
20110930	236
20111001	241
20111003	245
20111005	252
20111006	259
20111007	265
20111009	271
20111010	275
20111011	281
20111012	283		https://wiki.piraten-thueringen.de/TH:Vorstand/Vorstandssitzung/2011-10-12-Protokoll#TOP_6_-_aktuelle_Kennzahlen
#20111013	283		http://vorstand.piratenpartei.de/2011/10/27/protokoll-zur-vorstandssitzung-2011-10-13/
20111013	288
20111014	294
20111017	298
20111018	300
20111020	305
20111021	312
20111023	316
20111024	321
20111026	323		https://vorstand.piraten-thueringen.de/2011/10/26/vorstandssitzung-vom-26-oktober-2011/
20111101	334
20111102	336
20111104	338
20111107	342
20111109	345		https://vorstand.piraten-thueringen.de/2011/11/09/vorstandssitzung-vom-09-november-2011/
20111113	349
20111115	350
20111120	356
20111123	359		https://wiki.piraten-thueringen.de/TH:Vorstand/Vorstandssitzung/2011-11-23-Protokoll#TOP_6_-_aktuelle_Kennzahlen
20111130	363
20111204	363		http://piratenpartei.wortgewalt.de/docs/bpt112/
20111207	377		https://wiki.piraten-thueringen.de/TH:Vorstand/Vorstandssitzung/2011-12-07-Protokoll#TOP_6_-_aktuelle_Kennzahlen
20111213	384
20111218	387
20111221	383
20120103	389
20120104	391		https://wiki.piraten-thueringen.de/TH:Vorstand/Vorstandssitzung/2012-01-04-Protokoll#TOP_6_-_aktuelle_Kennzahlen
20120112	393
20120118	397		https://wiki.piraten-thueringen.de/TH:Vorstand/Vorstandssitzung/2012-01-18-Protokoll#TOP_6_-_aktuelle_Kennzahlen
20120202	413
20120208	412		https://wiki.piraten-thueringen.de/TH:Vorstand/Vorstandssitzung/2012-02-08-Protokoll#TOP_6_-_aktuelle_Kennzahlen
20120222	425		https://wiki.piraten-thueringen.de/TH:Vorstand/Vorstandssitzung/2012-02-22-Protokoll#TOP_6_-_aktuelle_Kennzahlen
20120307	437		https://wiki.piraten-thueringen.de/TH:Vorstand/Vorstandssitzung/2012-03-07-Protokoll#TOP_6_-_aktuelle_Kennzahlen
20120326	451		https://wiki.piraten-thueringen.de/TH:Vorstand/Vorstandssitzung/2012-03-26-Protokoll#TOP_6_-_aktuelle_Kennzahlen
20120328	476
20120401	481
20120404	498		https://wiki.piraten-thueringen.de/TH:Vorstand/Vorstandssitzung/2012-04-04-Protokoll#TOP_6_-_aktuelle_Kennzahlen
20120405	500
20120411	522
20120412	527
20120413	540
20120415	546
20120418	561		https://wiki.piraten-thueringen.de/TH:Vorstand/Vorstandssitzung/2012-04-18-Protokoll#TOP_6_-_aktuelle_Kennzahlen
20120425	590
#20120429	590		https://wiki.piratenpartei.de/Bundesparteitag_2012.1#Akkreditierungsstatistik
20120502	589		https://wiki.piraten-thueringen.de/TH:Vorstand/Vorstandssitzung/2012-05-02-Protokoll#TOP_6_-_aktuelle_Kennzahlen
20120504	615		https://twitter.com/#!/irm_tw/status/198530542252212225
20120506	625
20120509	638
20120511	648
20120515	657		https://wiki.piraten-thueringen.de/TH:Vorstand/Vorstandssitzung/2012-05-15-Protokoll#TOP_7_-_aktuelle_Kennzahlen
20120522	663
20120525	666
20120529	667		https://wiki.piraten-thueringen.de/TH:Vorstand/Vorstandssitzung/2012-05-29-Protokoll#TOP_6_-_aktuelle_Kennzahlen
20120610	670
20120612	671		https://wiki.piraten-thueringen.de/TH:Vorstand/Vorstandssitzung/2012-06-12-Protokoll#TOP_6_-_aktuelle_Kennzahlen
20120622	675
20120623	674
20120626	676		https://wiki.piraten-thueringen.de/TH:Vorstand/Vorstandssitzung/2012-06-26-Protokoll#TOP_6_-_aktuelle_Kennzahlen
20120710	676		https://wiki.piraten-thueringen.de/TH:Vorstand/Vorstandssitzung/2012-07-10-Protokoll#TOP_6_-_aktuelle_Kennzahlen
20120722	679
20120724	680		https://wiki.piraten-thueringen.de/TH:Vorstand/Vorstandssitzung/2012-07-24-Protokoll#TOP_6_-_aktuelle_Kennzahlen
20120807	678		https://wiki.piraten-thueringen.de/TH:Vorstand/Vorstandssitzung/2012-08-07-Protokoll#TOP_6_-_aktuelle_Kennzahlen
20120821	679		https://wiki.piraten-thueringen.de/TH:Vorstand/Vorstandssitzung/2012-08-21-Protokoll#TOP_6_-_aktuelle_Kennzahlen
20120823	676
20120918	678		https://wiki.piraten-thueringen.de/TH:Vorstand/Vorstandssitzung/2012-09-18-Protokoll#TOP_6_-_aktuelle_Kennzahlen
20120920	675
20121002	673		https://wiki.piraten-thueringen.de/TH:Vorstand/Vorstandssitzung/2012-10-02-Protokoll#TOP_6_-_aktuelle_Kennzahlen
20121016	673		https://wiki.piraten-thueringen.de/TH:Vorstand/Vorstandssitzung/2012-10-16-Protokoll#TOP_6_-_aktuelle_Kennzahlen
20121020	676
20121027	678	513	http://www.machmaldieaugenauf.de/2012/10/27/vorbereitung-der-bpt-akkreditierung/
20121028	678
20121031	679		https://wiki.piraten-thueringen.de/TH:Vorstand/Vorstandssitzung/2012-10-31-Protokoll#TOP_6_-_aktuelle_Kennzahlen
20121105	680	524	http://www.machmaldieaugenauf.de/2012/10/27/vorbereitung-der-bpt-akkreditierung/
20121111	680	524	http://www.machmaldieaugenauf.de/2012/10/27/vorbereitung-der-bpt-akkreditierung/
20121113	680		https://wiki.piraten-thueringen.de/TH:Vorstand/Vorstandssitzung/2012-11-13-Protokoll#TOP_6_-_aktuelle_Kennzahlen
20121118	680	526	http://www.machmaldieaugenauf.de/2012/10/27/vorbereitung-der-bpt-akkreditierung/
20121125	679	528	http://www.machmaldieaugenauf.de/2012/11/22/infos-zur-akkreditierung-beim-piraten-bundesparteitag-2012-2-bpt122/
20121127	683		https://wiki.piraten-thueringen.de/TH:Vorstand/Vorstandssitzung/2012-11-27-Protokoll#TOP_6_-_aktuelle_Kennzahlen
20121128	679	528	http://www.machmaldieaugenauf.de/2012/11/28/abschliesende-statistiken-bpt122/
20121211	678		https://wiki.piraten-thueringen.de/TH:Vorstand/Vorstandssitzung/2012-12-11-Protokoll#TOP_6_-_aktuelle_Kennzahlen
20130108	667		https://wiki.piraten-thueringen.de/TH:Vorstand/Vorstandssitzung/2013-01-08-Protokoll#TOP_6_-_aktuelle_Kennzahlen
20130115	666	106	https://wiki.piraten-thueringen.de/TH:Vorstand/Vorstandssitzung/2013-01-15-Protokoll#TOP_6_-_aktuelle_Kennzahlen
20130130	666	125	https://wiki.piraten-thueringen.de/TH:Vorstand/Vorstandssitzung/2013-01-30-Protokoll#TOP_6_-_aktuelle_Kennzahlen
20130212	665	139	https://wiki.piraten-thueringen.de/TH:Vorstand/Vorstandssitzung/2013-02-12-Protokoll#TOP_6_-_aktuelle_Kennzahlen
20130222	661
20130226	661	150	https://wiki.piraten-thueringen.de/TH:Vorstand/Vorstandssitzung/2013-02-26-Protokoll#TOP_6_-_aktuelle_Kennzahlen
20130312	659	195	https://wiki.piraten-thueringen.de/TH:Vorstand/Vorstandssitzung/2013-03-12-Protokoll#TOP_6_-_aktuelle_Kennzahlen
20130321		197	https://twitter.com/Querulantenwahn/status/314834306885378048
20130402	649	221	https://wiki.piraten-thueringen.de/TH:Vorstand/Vorstandssitzung/2013-04-02-Protokoll#TOP_6_-_aktuelle_Kennzahlen
20130421	647	239
20130422	646	241	http://www.machmaldieaugenauf.de/2013/04/22/vorbereitung-der-akkreditierung-zum-bpt-in-neumarkt/
20130428	641	244	http://www.machmaldieaugenauf.de/2013/04/22/vorbereitung-der-akkreditierung-zum-bpt-in-neumarkt/
20130430	634	252	https://wiki.piraten-thueringen.de/TH:Vorstand/Vorstandssitzung/2013-04-30-Protokoll#TOP_6_-_aktuelle_Kennzahlen
20130505	632	244	http://www.machmaldieaugenauf.de/2013/04/22/vorbereitung-der-akkreditierung-zum-bpt-in-neumarkt/
20130512	632	266	http://www.machmaldieaugenauf.de/2013/05/08/infos-zur-akkreditierung-beim-piraten-bundesparteitag-2013-2-bpt131/
20130513	632	266	http://www.machmaldieaugenauf.de/2013/05/13/abschliesende-statistiken-bpt131/
20130514	630	266	https://wiki.piraten-thueringen.de/TH:Vorstand/Vorstandssitzung/2013-05-14-Protokoll#TOP_6_-_aktuelle_Kennzahlen
20130528	626	276	https://wiki.piraten-thueringen.de/TH:Vorstand/Vorstandssitzung/2013-05-28-Protokoll#TOP_6_-_aktuelle_Kennzahlen
20130605	626
20130611	625	277	https://wiki.piraten-thueringen.de/TH:Vorstand/Vorstandssitzung/2013-06-11-Protokoll#TOP_6_-_aktuelle_Kennzahlen
20130625	622	276	https://wiki.piraten-thueringen.de/TH:Vorstand/Vorstandssitzung/2013-06-25-Protokoll#TOP_6_-_aktuelle_Kennzahlen
20130709	616	281	https://wiki.piraten-thueringen.de/TH:Vorstand/Vorstandssitzung/2013-07-09-Protokoll#TOP_6_-_aktuelle_Kennzahlen
20130723	617	294	https://wiki.piraten-thueringen.de/TH:Vorstand/Vorstandssitzung/2013-07-23-Protokoll#TOP_6_-_aktuelle_Kennzahlen
20130806	613	293	https://wiki.piraten-thueringen.de/TH:Vorstand/Vorstandssitzung/2013-08-06-Protokoll#TOP_6_-_aktuelle_Kennzahlen
20130811	626	293
20130820	505	293	https://wiki.piraten-thueringen.de/TH:Vorstand/Vorstandssitzung/2013-08-20-Protokoll#TOP_6_-_aktuelle_Kennzahlen
20130825	505	293
20130903	507	302	https://wiki.piraten-thueringen.de/TH:Vorstand/Vorstandssitzung/2013-09-03-Protokoll#TOP_6_-_aktuelle_Kennzahlen
20130917	508	307	https://wiki.piraten-thueringen.de/TH:Vorstand/Vorstandssitzung/2013-09-17-Protokoll#TOP_6_-_aktuelle_Kennzahlen
20131001	513	313	https://wiki.piraten-thueringen.de/TH:Vorstand/Vorstandssitzung/2013-10-01-Protokoll#TOP_6_-_aktuelle_Kennzahlen
20131015	511	311	https://wiki.piraten-thueringen.de/TH:Vorstand/Vorstandssitzung/2013-10-15-Protokoll#TOP_6_-_aktuelle_Kennzahlen
20131026	510	318	http://www.machmaldieaugenauf.de/2013/10/26/vorbereitung-der-akkreditierung-zum-bpt-in-bremen/
20131029	510	318	https://wiki.piraten-thueringen.de/TH:Vorstand/Vorstandssitzung/2013-10-29-Protokoll#TOP_6_-_aktuelle_Kennzahlen
20131118	510	319	http://www.machmaldieaugenauf.de/2013/10/26/vorbereitung-der-akkreditierung-zum-bpt-in-bremen/
20131121	512	319	https://wiki.piraten-thueringen.de/TH:Vorstand/Vorstandssitzung/2013-12-05-Protokoll#TOP_6_-_aktuelle_Kennzahlen
#20131122	511
#20131123	512
20131123	513	320	http://www.machmaldieaugenauf.de/2013/10/26/vorbereitung-der-akkreditierung-zum-bpt-in-bremen/
20131201	512	319	http://www.machmaldieaugenauf.de/2013/12/02/abschliessende-statistiken-zum-bpt132/
20131219	513	322	https://wiki.piraten-thueringen.de/TH:Vorstand/Vorstandssitzung/2013-12-19-Protokoll#TOP_6_-_aktuelle_Kennzahlen
#20140105	507		http://blog.alexzinser.de/?p=90
20140105	510	38	http://www.machmaldieaugenauf.de/2014/02/10/abschliessende-akkreditierungsstatistiken-zum-bpt141-und-zur-av-eu/
20140122	508	75	https://wiki.piraten-thueringen.de/TH:Vorstand/Vorstandssitzung/2014-01-23-Protokoll#TOP_6_-_aktuelle_Kennzahlen
20140123	507
20140206	509	75	https://wiki.piraten-thueringen.de/TH:Vorstand/Vorstandssitzung/2014-02-06-Protokoll#TOP_6_-_aktuelle_Kennzahlen
20140220	508	75	https://wiki.piraten-thueringen.de/TH:Vorstand/Vorstandssitzung/2014-02-20-Protokoll#TOP_6_-_aktuelle_Kennzahlen
20140320	501	75	https://wiki.piraten-thueringen.de/TH:Vorstand/Vorstandssitzung/2014-03-20-Protokoll#TOP_6_-_aktuelle_Kennzahlen
20140403	501	134	https://wiki.piraten-thueringen.de/TH:Vorstand/Vorstandssitzung/2014-04-03-Protokoll#TOP_6_-_aktuelle_Kennzahlen
20140417	497	135	https://wiki.piraten-thueringen.de/TH:Vorstand/Vorstandssitzung/2014-04-17-Protokoll#TOP_6_-_aktuelle_Kennzahlen
20140508	497	136	https://wiki.piraten-thueringen.de/TH:Vorstand/Vorstandssitzung/2014-05-08-Protokoll#TOP_6_-_aktuelle_Kennzahlen
20140612	492	138	https://wiki.piraten-thueringen.de/TH:Vorstand/Vorstandssitzung/2014-06-12-Protokoll#TOP_6_-_aktuelle_Kennzahlen
20140622	490	137	https://wiki.piraten-thueringen.de/TH:Vorstand/Vorstandssitzung/2014-07-10-Protokoll#TOP_6_-_aktuelle_Kennzahlen_.28Stand_Mitte_Juni.29
20140807	488	152	https://wiki.piraten-thueringen.de/TH:Vorstand/Vorstandssitzung/2014-08-07-Protokoll#TOP_6_-_aktuelle_Kennzahlen
20140828	488		https://twitter.com/H3rmi/status/505047264071790592/photo/1
20140911	489	153	https://twitter.com/H3rmi/status/510137422357995520/photo/1
20140918	488	152	https://wiki.piraten-thueringen.de/TH:Vorstand/Vorstandssitzung/2014-09-18-Protokoll#TOP_6_-_aktuelle_Kennzahlen_.28Stand_Mitte_Juni.29
20140925	489	152	https://twitter.com/H3rmi/status/515199307776266240/photo/1
20141023	487	152	https://twitter.com/Bundes_GenSek/status/525300116002181120
20141030	487	152	https://wiki.piraten-thueringen.de/TH:Vorstand/Vorstandssitzung/2014-10-30-Protokoll#TOP_6_-_aktuelle_Kennzahlen_.28Stand_Mitte_Juni.29
20141106	487
20141208	481
20150128	479	54
20150312	475	60	http://vorstand.piratenpartei.de/2015/03/12/neues-aus-der-mitgliederverwaltung/
20150326	467	67	http://vorstand.piratenpartei.de/2015/03/26/neues-aus-der-mitgliederverwaltung-2/
20150409	460	75	http://vorstand.piratenpartei.de/2015/04/09/neues-aus-der-mitgliederverwaltung-3/
20150507	441	91	http://vorstand.piratenpartei.de/2015/05/07/neues-aus-der-mitgliederverwaltung-4/#
#20150206
#
# https://wiki.piraten-thueringen.de/Kategorie:Protokoll_Vorstandssitzung_Th%C3%BCringen
20150608	437	113	1	47	scraped from http://finanzen.piratenpartei.de/statistik.php
20150609	437	115	1	47	scraped
20150610	436	114	1	47	scraped
20150611	436	114	1	47	scraped
20150612	436	114	1	47	scraped
20150613	436	115	1	47	scraped
20150614	436	115	1	47	scraped
20150615	436	117	1	47	scraped
20150616	436	117	1	47	scraped
20150617	436	117	1	47	scraped
20150618	436	117	1	47	scraped
20150619	436	117	1	47	scraped
20150620	436	117	1	47	scraped
20150621	436	117	1	47	scraped
20150622	436	117	1	47	scraped
20150623	436	117	1	47	scraped
20150624	435	117	1	47	scraped
20150625	435	117	1	47	scraped
20150626	435	117	1	47	scraped
20150627	435	117	1	47	scraped
20150628	435	117	1	47	scraped
20150629	435	117	1	47	scraped
20150630	435	119	1	47	scraped
20150701	435	119	1	47	scraped
20150702	435	119	1	47	scraped
20150703	435	119	1	47	scraped
20150704	435	119	1	47	scraped
20150705	435	119	1	47	scraped
20150706	435	125	1	47	scraped
20150707	433	126	1	47	scraped
20150708	432	126	1	47	scraped
20150709	432	130	1	47	scraped
20150710	432	130	1	47	scraped
20150711	432	131	1	47	scraped
20150712	432	131	1	47	scraped
20150713	432	131	1	47	scraped
20150714	432	131	1	47	scraped
20150715	432	131	1	47	scraped
20150716	432	131	1	47	scraped
20150717	431	131	1	47	scraped
20150718	431	131	1	47	scraped
20150719	431	131	1	47	scraped
20150720	431	131	1	47	scraped
20150721	431	131	1	47	scraped
20150722	431	131	1	47	scraped
20150723	431	131	1	47	scraped
20150724	431	131	1	47	scraped
20150725	431	131	1	47	scraped
20150726	431	131	1	47	scraped
20150727	430	131	1	47	scraped
20150728	430	131	1	47	scraped
20150729	429	130	1	47	scraped
20150730	429	130	1	47	scraped
20150731	429	130	1	47	scraped
20150801	429	131	1	47	scraped
20150802	429	131	0	47	scraped
20150803	429	131	0	47	scraped
20150804	429	131	0	47	scraped
20150805	429	131	0	47	scraped
20150806	429	131	0	47	scraped
20150807	429	131	0	47	scraped
20150808	429	131	0	47	scraped
20150809	429	131	0	47	scraped
20150810	429	131	0	47	scraped
20150811	429	131	0	47	scraped
20150812	429	131	0	47	scraped
20150813	424	132	0	47	scraped
20150814	424	132	0	47	scraped
20150815	424	132	0	47	scraped
20150816	424	132	0	47	scraped
20150817	423	132	0	47	scraped
20150818	423	132	0	47	scraped
20150819	422	133	0	47	scraped
20150820	422	133	0	47	scraped
20150821	422	133	0	47	scraped
20150822	422	133	0	47	scraped
20150823	422	133	0	47	scraped
20150824	422	134	0	47	scraped
20150825	422	134	0	47	scraped
20150826	422	134	0	47	scraped
20150827	422	135	0	47	scraped
20150828	422	135	0	47	scraped
20150829	422	135	0	47	scraped
20150830	422	135	0	47	scraped
20150831	422	135	0	47	scraped
20150901	422	135	0	47	scraped
20150902	422	135	0	47	scraped
20150903	422	135	0	47	scraped
20150904	421	136	0	47	scraped
20150905	421	136	0	47	scraped
20150906	421	136	0	47	scraped
20150907	421	136	0	47	scraped
20150908	421	136	0	47	scraped
20150909	421	136	0	47	scraped
20150910	420	136	0	47	scraped
20150911	420	136	0	47	scraped
20150912	420	136	0	47	scraped
20150913	420	136	0	47	scraped
20150914	420	136	0	47	scraped
20150915	420	136	0	47	scraped
20150916	420	136	0	47	scraped
20150917	416	135	0	47	scraped
20150918	415	136	0	47	scraped
20150919	415	136	0	47	scraped
20150920	415	136	0	47	scraped
20150921	415	136	0	47	scraped
20150922	414	135	0	47	scraped
20150923	414	135	0	47	scraped
20150924	414	136	0	47	scraped
20150925	414	136	0	47	scraped
20150926	413	136	0	47	scraped
20150927	413	136	0	47	scraped
20150928	413	136	0	47	scraped
20150929	412	136	0	47	scraped
20150930	411	136	0	46	scraped
20151001	410	135	0	46	scraped
20151002	410	135	0	46	scraped
20151003	408	135	0	46	scraped
20151004	408	135	0	46	scraped
20151005	408	135	0	46	scraped
20151006	407	135	0	46	scraped
20151007	405	135	0	46	scraped
20151008	405	136	0	46	scraped
20151009	405	136	0	46	scraped
20151010	405	136	0	46	scraped
20151011	405	136	0	46	scraped
20151012	405	137	0	46	scraped
20151013	405	137	0	46	scraped
20151014	405	138	0	46	scraped
20151015	402	138	0	46	scraped
20151016	402	138	0	46	scraped
20151017	402	138	0	46	scraped
20151018	402	138	0	46	scraped
20151019	402	139	0	46	scraped
20151020	402	139	0	46	scraped
20151021	401	139	0	46	scraped
20151022	401	139	0	46	scraped
20151023	401	139	0	46	scraped
20151024	400	140	0	46	scraped
20151025	400	140	0	46	scraped
20151026	400	140	0	46	scraped
20151027	398	140	0	46	scraped
20151028	397	140	0	46	scraped
20151029	396	145	0	46	scraped
20151030	396	145	0	46	scraped
20151031	395	144	0	46	scraped
20151101	395	144	0	46	scraped
20151102	395	144	0	46	scraped
20151103	395	144	0	46	scraped
20151104	395	144	0	46	scraped
20151105	394	143	0	46	scraped
20151106	394	143	0	46	scraped
20151107	393	143	0	46	scraped
20151108	393	143	0	46	scraped
20151109	393	143	0	46	scraped
20151110	392	143	0	46	scraped
20151111	392	143	0	46	scraped
20151112	391	143	0	46	scraped
20151113	391	143	0	46	scraped
20151114	391	143	0	46	scraped
20151115	391	143	0	46	scraped
20151116	391	143	0	46	scraped
20151117	391	143	0	46	scraped
20151118	390	144	0	46	scraped
20151119	390	144	0	46	scraped
20151120	390	144	0	46	scraped
20151121	390	144	0	46	scraped
20151122	390	144	0	46	scraped
20151123	391	145	0	46	scraped
20151124	391	145	0	46	scraped
20151125	391	145	0	46	scraped
20151126	391	145	0	46	scraped
20151127	391	146	0	46	scraped
20151128	391	146	0	46	scraped
20151129	389	146	0	46	scraped
20151130	389	147	0	46	scraped
20151201	388	147	0	46	scraped
20151202	385	147	0	46	scraped
20151203	385	147	0	46	scraped
20151204	384	147	0	46	scraped
20151205	384	147	0	46	scraped
20151206	384	147	0	46	scraped
20151207	384	147	0	46	scraped
20151208	384	148	0	46	scraped
20151209	384	148	0	46	scraped
20151210	384	149	0	46	scraped
20151211	384	151	0	46	scraped
20151212	384	151	0	46	scraped
20151213	384	154	0	46	scraped
20151214	384	154	0	46	scraped
20151215	383	154	0	46	scraped
20151216	382	154	0	46	scraped
20151217	382	155	0	46	scraped
20151218	382	155	0	46	scraped
20151219	381	155	0	46	scraped
20151220	381	155	0	46	scraped
20151221	381	155	0	46	scraped
20151222	381	155	0	46	scraped
20151223	381	155	0	46	scraped
20151224	381	156	0	46	scraped
20151225	380	156	0	46	scraped
20151226	380	156	0	46	scraped
20151227	380	156	0	46	scraped
20151228	380	156	0	46	scraped
20151229	380	156	0	46	scraped
20151230	380	156	0	46	scraped
20151231	375	154	0	46	scraped
20160101	375	4	0	46	scraped
20160102	374	25	0	46	scraped
20160103	374	25	0	46	scraped
20160104	374	24	0	46	scraped
20160105	374	24	0	46	scraped
20160106	374	26	0	46	scraped
20160107	373	26	0	46	scraped
20160108	372	30	0	46	scraped
20160109	372	31	0	46	scraped
20160110	372	31	1	46	scraped
20160111	372	31	1	46	scraped
20160112	372	30	1	46	scraped
20160113	372	30	1	46	scraped
20160114	372	30	1	46	scraped
20160115	372	30	1	46	scraped
20160116	372	32	1	46	scraped
20160117	371	32	1	46	scraped
20160118	371	33	1	46	scraped
20160119	371	33	1	46	scraped
20160120	371	33	1	46	scraped
20160121	371	33	1	46	scraped
20160122	371	33	1	46	scraped
20160123	371	37	1	46	scraped
20160124	371	37	1	46	scraped
20160125	371	37	1	46	scraped
20160126	371	37	1	46	scraped
20160127	371	37	1	46	scraped
20160128	371	37	1	46
20160129	371	38	1	46
20160130	371	38	1	46
20160131	371	38	1	46
20160201	371	38	1	46
20160202	371	38	1	46
20160203	371	38	1	46
20160204	371	45	1	46
20160205	371	51	1	46
20160206	370	55	1	46
20160207	370	58	1	46
20160208	370	59	1	46
20160209	368	59	1	46
20160210	367	59	1	46
20160211	367	59	1	46
20160212	366	62	1	46
20160213	365	65	1	46
20160214	365	65	1	46
20160215	365	67	1	46
20160216	363	68	1	46
20160217	363	69	1	46
20160218	363	71	1	46
20160219	363	71	1	46
20160220	363	71	1	46
20160221	363	71	1	46
20160222	363	71	1	46
20160223	363	71	1	46
20160224	363	72	1	46
20160225	363	73	1	46
20160226	364	73	0	46
20160227	364	73	0	46
20160228	364	73	0	46
20160229	365	80	0	46
20160301	364	80	0	46
20160302	364	80	0	46
20160303	364	83	0	46
20160304	364	83	0	46
20160305	364	83	0	46
20160306	364	83	0	46
20160307	364	83	0	46
20160308	364	83	0	46
20160309	364	83	0	46
20160310	364	85	0	46
20160311	364	85	0	46
20160312	364	89	0	46
20160313	364	89	0	46
20160314	364	89	0	46
20160315	364	89	0	46
20160316	364	90	0	46
20160317	364	91	0	46
20160318	364	91	0	46
20160319	364	94	0	46
20160320	364	94	0	46
20160321	364	94	0	46
20160322	364	94	0	46
20160323	364	94	0	46
20160324	364	94	0	46
20160325	364	94	0	46
20160326	364	94	0	46
20160327	364	94	0	46
20160328	364	94	0	46
20160329	364	94	0	46
20160330	364	94	0	46
20160331	364	94	0	46
20160401	363	95	0	46
20160402	363	95	0	46
20160403	363	95	0	46
20160404	363	97	0	46
20160405	363	97	0	46
20160406	363	97	0	46
20160407	363	97	0	46
20160408	363	97	0	46
20160409	363	104	0	46
20160410	363	104	0	46
20160411	363	104	0	46
20160412	363	104	0	46
20160413	363	104	0	46
20160414	363	104	0	46
20160415	361	104	0	46
20160416	361	104	0	46
20160417	361	104	0	46
20160418	361	104	0	46
20160419	361	105	0	46
20160420	360	104	0	46
20160421	360	109	0	46
20160422	360	109	0	46
20160423	360	109	0	46
20160424	360	109	0	46
20160425	360	109	0	46
20160426	360	109	0	46
20160427	360	109	0	46
20160428	360	109	0	46
20160429	360	109	1	46
20160430	360	109	1	46
20160501	360	109	1	46
20160502	360	109	1	46
20160503	360	111	1	46
20160504	361	111	0	46
20160505	360	112	0	46
20160506	360	112	0	46
20160507	360	113	0	46
20160508	360	113	0	46
20160509	360	113	0	46
20160510	360	113	0	46
20160511	360	113	0	46
20160512	360	113	0	46
20160513	360	113	0	46
20160514	360	113	0	46
20160515	360	113	0	46
20160516	360	113	0	46
20160517	360	113	0	46
20160518	360	113	0	46
20160519	360	113	0	46
20160520	360	113	0	46
20160521	360	113	0	46
20160522	360	113	0	46
20160523	359	113	0	45
20160524	358	113	0	45
20160525	358	113	0	45
20160526	358	113	0	45
20160527	358	114	0	45
20160528	358	114	0	45
20160529	358	114	0	45
20160530	358	114	0	45
20160531	358	114	0	45
20160601	358	114	0	45
20160602	358	114	0	45
20160603	358	114	0	45
20160604	358	114	0	45
20160605	358	114	0	45
20160606	358	114	0	45
20160607	358	114	0	45
20160608	358	114	1	45
20160609	358	114	1	45
20160610	356	115	1	45
20160611	356	115	1	45
20160612	356	115	1	45
20160613	355	115	1	45
20160614	355	115	0	45
20160615	355	117	0	45
20160616	355	117	0	45
20160617	355	117	0	45
20160618	355	117	0	45
20160619	355	117	0	45
20160620	355	117	0	45
20160621	355	117	0	45
20160622	355	117	0	45
20160623	355	117	0	45
20160624	355	117	0	45
20160625	355	117	0	45
20160626	355	117	0	45
20160627	355	119	0	45
20160628	355	119	0	45
20160629	355	119	0	45
20160630	355	119	0	45
20160701	355	119	0	45
20160702	355	119	0	45
20160703	355	121	0	45
20160704	355	121	0	45
20160705	355	121	0	45
20160706	355	121	0	45
20160707	355	121	0	45
20160708	355	121	0	45
20160709	355	121	0	45
20160710	355	121	0	45
20160711	355	121	0	45
20160712	355	121	0	45
20160713	355	121	0	45
20160714	355	121	0	45
20160715	355	122	0	45
20160716	355	122	0	45
20160717	355	122	0	45
20160718	355	122	0	45
20160719	355	122	0	45
20160720	355	122	0	45
20160721	355	122	0	45
20160722	355	122	0	45
20160723	355	122	0	45
20160724	355	122	0	45
20160725	355	122	0	45
20160726	354	121	0	45
20160727	354	121	0	45
20160728	354	121	0	45
20160729	354	121	0	45
20160730	354	121	0	45
20160731	354	121	0	45
20160801	354	121	0	45
20160802	354	121	0	45
20160803	354	121	0	45
20160804	354	121	0	45
20160805	354	121	0	45
20160806	354	121	0	45
20160807	354	121	0	45
20160808	354	121	0	45
20160809	354	121	0	45
20160810	354	121	0	45
20160811	354	121	0	45
20160812	354	121	0	45
20160813	354	121	0	45
20160814	354	121	0	45
20160815	354	121	0	45
20160816	354	121	0	45
20160817	354	121	0	45
20160818	354	121	0	45
20160819	354	121	0	45
20160820	354	121	0	45
20160821	354	121	0	45
20160822	354	121	0	45
20160823	354	121	0	45
20160824	353	121	0	45
20160825	353	122	0	45
20160826	353	122	0	45
20160827	352	122	0	45
20160828	352	122	0	45
20160829	352	122	0	45
20160830	352	122	0	45
20160831	352	122	0	45
20160901	352	122	0	45
20160902	352	122	0	45
20160903	352	122	0	45
20160904	352	122	0	45
20160905	351	122	0	45
20160906	351	122	0	45
20160907	351	122	0	45
20160908	351	122	0	45
20160909	351	122	0	45
20160910	351	122	0	45
20160911	351	122	0	45
20160912	351	122	0	45
20160913	351	122	0	45
20160914	351	122	0	45
20160915	351	123	0	45
20160916	351	123	0	45
20160917	351	123	0	45
20160918	351	123	0	45
20160919	351	123	1	45
20160920	351	123	1	45
20160921	351	123	1	45
20160922	351	123	1	45
20160923	351	123	1	45
20160924	351	123	1	45
20160925	351	123	1	45
20160926	351	123	1	45
20160927	351	123	0	45
20160928	349	123	0	45
20160929	349	123	0	45
20160930	349	123	0	45
20161001	347	123	0	45
20161002	347	123	0	45
20161003	347	123	0	45
20161004	347	123	0	45
20161005	347	123	0	45
20161006	347	123	0	45
20161007	347	123	0	45
20161008	347	123	0	45
20161009	347	123	0	45
20161010	347	123	0	45
20161011	347	123	0	45
20161012	347	123	0	45
20161013	347	123	0	45
20161014	347	123	0	45
20161015	347	123	0	45
20161016	347	123	0	45
20161017	347	124	0	45
20161018	347	124	0	45
20161019	347	124	0	45
20161020	347	124	0	45
20161021	347	124	0	45
20161022	347	124	0	45
20161023	347	124	0	45
20161024	347	124	0	45
20161025	347	124	0	45
20161026	347	124	0	45
20161027	347	124	0	45
20161028	347	124	0	45
20161029	347	124	0	45
20161030	347	124	0	45
20161031	347	124	0	45
20161101	347	125	0	45
20161102	347	125	0	45
20161103	346	125	0	45
20161104	344	125	0	45
20161105	344	125	0	45
20161106	344	125	0	45
20161107	344	126	0	45
20161108	344	126	0	45
20161109	344	126	0	45
20161110	344	126	0	45
20161111	344	126	0	45
20161112	344	126	0	45
20161113	344	128	0	45
20161114	344	128	0	45
20161115	344	128	0	45
20161116	344	128	0	45
20161117	344	128	0	45
20161118	344	128	0	45
20161119	344	128	0	45
20161120	344	128	0	45
20161121	344	128	0	45
20161122	344	128	0	45
20161123	344	128	0	45
20161124	344	128	0	45
20161125	344	128	0	45
20161126	344	128	0	45
20161127	344	128	0	45
20161128	344	128	0	45
20161129	344	128	0	45
20161130	344	129	0	45
20161201	344	129	0	45
20161202	344	129	0	45
20161203	344	129	0	45
20161204	344	129	0	45
20161205	344	129	0	45
20161206	344	129	0	45
20161207	344	129	0	45
20161208	344	129	0	45
20161209	344	129	0	45
20161210	344	129	0	45
20161211	344	129	0	45
20161212	344	129	0	45
20161213	344	129	0	45
20161214	344	129	0	45
20161215	344	129	0	45
20161216	344	129	0	45
20161217	344	129	0	45
20161218	344	129	0	45
20161219	344	130	0	45
20161220	344	130	0	45
20161221	344	130	0	45
20161222	344	130	0	45
20161223	344	130	1	45
20161224	344	130	1	45
20161225	344	130	1	45
20161226	344	130	1	45
20161227	344	130	1	45
20161228	344	130	1	45
20161229	345	130	0	45
20161230	345	130	0	45
20161231	342	128	0	44
20170101	342	3	0	44
20170102	342	5	0	44
20170103	341	5	0	44
20170104	341	5	0	44
20170105	341	5	0	44
20170106	341	5	0	44
20170107	341	5	0	44
20170108	341	5	0	44
20170109	341	5	0	44
20170110	341	5	0	44
20170111	341	5	0	44
20170112	341	26	0	44
20170113	340	22	0	44
20170114	340	22	0	44
20170115	340	22	0	44
20170116	340	22	0	44
20170117	340	22	0	44
20170118	340	22	0	44
20170119	340	22	0	44
20170120	340	22	0	44
20170121	339	22	0	44
20170122	339	22	0	44
20170123	339	22	0	44
20170124	339	22	0	44
20170125	339	22	0	44
20170126	339	22	0	44
20170127	339	23	0	44
20170128	339	23	0	44
20170129	339	24	0	44
20170130	339	24	0	44
20170131	339	24	0	44
20170201	339	24	0	44
20170202	339	24	0	44
20170203	339	25	0	44
20170204	339	25	0	44
20170205	339	25	0	44
20170206	339	25	0	44
20170207	339	25	0	44
20170208	339	25	0	44
20170209	339	27	0	44
20170210	338	27	0	44
20170211	337	27	0	44
20170212	337	27	0	44
20170213	337	28	0	44
20170214	337	28	0	44
20170215	336	28	0	44
20170216	334	28	0	44
20170217	333	32	0	44
20170218	333	32	0	44
20170219	333	32	0	44
20170220	333	32	0	44
20170221	333	32	0	44
20170222	331	33	0	44
20170223	331	33	0	44
20170224	331	38	0	44
20170225	331	38	0	44
20170226	331	41	0	44
20170227	331	41	0	44
20170228	331	41	0	44
20170301	331	41	0	44
20170302	331	43	0	44
20170303	331	44	1	44
20170304	331	44	1	44
20170305	331	44	1	44
20170306	331	44	1	44
20170307	331	44	1	44
20170308	331	44	1	44
20170309	331	51	0	44
20170310	331	51	0	44
20170311	331	51	0	44
20170312	331	51	0	44
20170313	331	51	0	44
20170314	331	51	0	44
20170315	331	53	0	44
20170316	331	53	0	44
20170317	331	55	0	44
20170318	331	55	0	44
20170319	330	55	0	44
20170320	330	55	0	44
20170321	329	55	0	44
20170322	329	55	0	44
20170323	326	55	0	44
20170324	326	55	0	44
20170325	326	59	0	44
20170326	326	59	0	44
20170327	326	59	0	44
20170328	326	59	0	44
20170329	326	59	0	44
20170330	326	60	0	44
20170331	326	60	0	44
20170401	326	60	0	44
20170402	326	60	0	44
20170403	326	60	0	44
20170404	326	60	0	44
20170405	326	60	0	44
20170406	326	60	0	44
20170407	326	67	0	44
20170408	326	67	0	44
20170409	326	67	0	44
20170410	326	67	0	44
20170411	326	71	0	44
20170412	326	71	0	44
20170413	326	71	0	44
20170414	326	71	0	44
20170415	326	71	0	44
20170416	326	71	0	44
20170417	326	71	0	44
20170418	325	70	0	44
20170419	325	70	0	44
20170420	325	70	0	44
20170421	325	70	0	44
20170422	325	70	0	44
20170423	325	70	0	44
20170424	325	70	0	44
20170425	325	70	0	44
20170426	325	74	0	44
20170427	325	74	0	44
20170428	325	74	0	44
20170429	325	74	0	44
20170430	324	76	0	44
20170501	324	76	0	44
20170502	324	76	0	44
20170503	324	76	0	44
20170504	324	77	0	44
20170505	324	77	0	44
20170506	324	77	0	44
20170507	324	77	0	44
20170508	324	77	0	44
20170509	323	81	0	44
20170510	323	81	0	44
20170511	323	81	0	44
20170512	323	81	0	44
20170513	323	81	0	44
20170514	323	81	0	44
20170515	321	79	0	43
20170516	321	79	0	43
20170517	321	79	0	43
20170518	321	79	0	43
20170519	321	79	0	43
20170520	321	79	0	43
20170521	321	79	0	43
20170522	321	79	0	43
20170523	321	79	0	43
20170524	321	79	0	43
20170525	321	79	0	43
20170526	321	79	0	43
20170527	318	77	0	43
20170528	318	77	0	43
20170529	318	78	0	43
20170530	318	78	0	43
20170531	318	78	0	43
20170601	318	78	0	43
20170602	318	78	0	43
20170603	318	78	0	43
20170604	318	78	0	43
20170605	318	78	0	43
20170606	318	78	0	43
20170607	318	78	0	43
20170608	316	79	0	43
20170609	316	79	0	43
20170610	316	80	0	43
20170611	316	80	0	43
20170612	316	80	0	43
20170613	316	80	0	43
20170614	315	80	0	43
20170615	315	80	0	43
20170616	313	79	0	43
20170617	313	79	0	43
20170618	313	79	0	43
20170619	313	79	0	43
20170620	313	79	0	43
20170621	313	79	0	43
20170622	313	80	0	43
20170623	313	80	0	43
20170624	313	80	0	43
20170625	313	80	0	43
20170626	313	80	0	43
20170627	313	80	0	43
20170628	313	80	0	43
20170629	313	80	0	43
20170630	313	80	0	43
20170701	313	80	0	43
20170702	313	80	0	43
20170703	313	80	0	43
20170704	313	80	0	43
20170705	313	80	0	43
20170706	313	80	0	43
20170707	313	80	0	43
20170708	313	80	0	43
20170709	313	80	0	43
20170710	313	80	0	43
20170711	313	80	0	43
20170712	313	80	0	43
20170713	313	80	0	43
20170714	313	80	0	43
20170715	313	80	0	43
20170716	313	80	0	43
20170717	313	80	0	43
20170718	313	80	0	43
20170719	313	80	0	43
20170720	313	80	0	43
20170721	313	80	1	43
20170722	313	80	1	43
20170723	313	80	1	43
20170724	313	80	1	43
20170725	313	80	1	43
20170726	313	80	1	43
20170727	313	80	1	43
20170728	313	80	1	43
20170729	313	80	1	43
20170730	313	80	1	43
20170731	313	80	1	43
20170801	313	80	1	43
20170802	311	79	1	42
20170803	311	79	1	42
20170804	311	79	1	42
20170805	311	79	1	42
20170806	311	79	1	42
20170807	311	79	1	42
20170808	310	78	1	42
20170809	310	78	1	42
20170810	310	78	1	42
20170811	310	78	1	42
20170812	310	78	1	42
20170813	310	78	1	42
20170814	310	78	1	42
20170815	310	78	1	42
20170816	310	78	1	42
20170817	310	78	1	42
20170818	310	78	1	42
20170819	310	78	1	42
20170820	310	78	1	42
20170821	310	78	1	42
20170822	310	78	1	42
20170823	310	78	2	42
20170824	310	78	2	42
20170825	309	78	2	42
20170826	309	78	2	42
20170827	310	78	1	42
20170828	310	78	1	42
20170829	310	78	1	42
20170830	310	78	1	42
20170831	309	78	1	42
20170901	309	78	1	42
20170902	309	78	1	42
20170903	309	78	1	42
20170904	309	79	1	42
20170905	309	79	1	42
20170906	309	79	1	42
20170907	309	79	1	42
20170908	309	79	1	42
20170909	309	79	1	42
20170910	309	79	1	42
20170911	309	79	1	42
20170912	309	79	1	42
20170913	309	79	1	42
20170914	310	80	1	42
20170915	310	80	1	42
20170916	310	80	1	42
20170917	310	80	1	42
20170918	310	80	1	42
20170919	310	80	1	42
20170920	310	80	1	42
20170921	310	80	1	42
20170922	310	80	1	42
20170923	310	80	1	42
20170924	310	80	1	42
20170925	310	80	1	42
20170926	310	80	1	42
20170927	310	80	1	42
20170928	310	80	1	42
20170929	310	80	1	42
20170930	310	80	1	42
20171001	310	80	1	42
20171002	310	80	1	42
20171003	310	80	1	42
20171004	310	80	1	42
20171005	310	80	1	42
20171006	310	80	1	42
20171007	310	80	1	42
20171008	310	80	1	42
20171009	310	80	1	42
20171010	310	80	1	42
20171011	310	80	1	42
20171012	310	80	1	42
20171013	310	80	1	42
20171014	310	80	1	42
20171015	310	80	1	42
20171016	310	80	1	42
20171017	310	80	1	42
20171018	310	80	1	42
20171019	309	80	1	42
20171020	309	80	1	42
20171021	308	80	1	42
20171022	308	80	1	42
20171023	308	80	1	42
20171024	308	80	1	42
20171025	308	80	1	42
20171026	308	81	1	42
20171027	308	81	1	42
20171028	308	81	1	42
20171029	308	81	1	42
20171030	308	81	1	42
20171031	308	81	1	42
20171101	308	81	1	42
20171102	308	81	1	42
20171103	308	81	1	42
20171104	308	81	1	42
20171105	308	81	1	42
20171106	308	81	1	42
20171107	307	82	1	41
20171108	306	81	2	40
20171109	306	81	2	40
20171110	306	81	2	40
20171111	306	81	2	40
20171112	306	81	2	40
20171113	306	81	2	40
20171114	307	82	1	40
20171115	307	82	1	40
20171116	306	82	1	40
20171117	306	82	1	40
20171118	306	82	1	40
20171119	306	82	1	40
20171120	306	82	1	40
20171121	306	82	1	40
20171122	306	82	1	40
20171123	306	82	1	40
20171124	305	81	1	39
20171125	305	81	1	39
20171126	306	81	0	39
20171127	306	81	0	39
20171128	306	81	0	39
20171129	306	81	0	39
20171130	305	81	0	39
20171201	305	81	0	39
20171202	305	81	0	39
20171203	305	81	0	39
20171204	305	81	0	39
20171205	305	81	0	39
20171206	305	81	0	39
20171207	304	81	0	39
20171208	304	81	0	39
20171209	304	81	0	39
20171210	304	81	0	39
20171211	304	81	0	39
20171212	304	81	0	39
20171213	304	81	0	39
20171214	304	81	0	39
20171215	304	81	0	39
20171216	304	81	0	39
20171217	304	81	0	39
20171218	304	81	0	39
20171219	304	81	0	39
20171220	304	81	0	39
20171221	304	83	0	39
20171222	304	83	0	39
20171223	304	83	0	39
20171224	304	83	0	39
20171225	304	83	0	39
20171226	304	83	0	39
20171227	304	83	0	39
20171228	304	83	0	39
20171229	304	83	0	39
20171230	304	83	0	39
20171231	302	81	0	39
20180102	302	5	0	39
20180103	301	5	0	39
20180104	300	23	0	39
20180105	300	23	0	39
20180106	300	24	0	39
20180107	300	24	0	39
20180108	300	24	0	39
20180109	300	24	0	39
20180110	300	24	0	39
20180111	300	24	0	39
20180112	300	24	0	39
20180113	300	24	0	39
20180114	300	26	0	39
20180115	300	26	0	39
20180116	300	27	0	39
20180117	300	28	0	39
20180118	300	28	0	39
20180119	300	28	0	39
20180120	300	28	0	39
20180121	300	28	0	39
20180122	300	28	0	39
20180123	300	28	0	39
20180124	300	28	0	39
20180125	298	27	0	39
20180126	298	27	0	39
20180127	298	27	0	39
20180128	298	27	0	39
20180129	298	31	0	39
20180130	298	31	0	39
20180131	297	33	0	39
20180201	296	33	0	39
20180202	296	33	0	39
20180203	295	33	0	39
20180204	295	33	0	39
20180205	295	33	0	39
20180206	295	36	0	39
20180207	295	36	0	39
20180208	295	36	0	39
20180209	295	36	0	39
20180210	295	37	0	39
20180211	295	37	0	39
20180212	295	38	0	39
20180213	295	38	0	39
20180214	295	38	0	39
20180215	295	42	0	39
20180216	294	42	0	39
20180217	292	42	1	39
20180218	292	42	1	39
20180219	292	42	1	39
20180220	291	43	1	39
20180221	291	43	1	39
20180222	292	43	0	39
20180223	292	43	0	39
20180224	291	43	0	38
20180225	291	43	0	38
20180226	291	43	0	38
20180227	290	44	0	38
20180228	290	44	0	38
20180301	290	44	0	38
20180302	290	44	0	38
20180303	290	44	0	38
20180304	290	44	0	38
20180305	290	45	0	38
20180306	290	45	0	38
20180307	290	45	0	38
20180308	290	45	0	38
20180309	290	45	0	38
20180310	103	45	0	23
20180311	103	45	0	23
20180312	103	46	0	23
20180313	103	46	0	23
20180314	103	46	0	23
20180315	103	46	0	23
20180316	103	46	0	23
20180317	103	46	0	23
20180318	103	48	0	23
20180319	103	48	0	23
20180320	103	49	0	23
20180321	103	49	0	23
20180322	103	49	0	23
20180323	120	49	0	23
20180324	120	49	0	23
20180325	120	49	0	23
20180326	120	49	0	23
20180327	120	49	0	23
20180328	120	50	0	23
20180329	120	50	0	23
20180330	120	50	0	23
20180331	120	50	0	23
20180401	120	50	0	23
20180402	120	50	0	23
20180403	118	54	0	23
20180404	118	54	0	23
20180405	118	54	0	23
20180406	118	54	0	23
20180407	118	54	0	23
20180408	118	54	0	23
20180409	118	54	0	23
20180410	118	57	0	23
20180411	118	57	0	23
20180412	118	57	0	23
20180413	118	57	0	23
20180414	118	57	0	23
20180415	118	57	0	23
20180416	118	57	0	23
20180417	118	57	0	23
20180418	118	57	0	23
20180419	118	58	0	23
20180420	118	58	0	23
20180421	118	58	0	23
20180422	118	58	0	23
20180423	118	58	1	23
20180424	118	58	1	23
20180425	118	58	1	23
20180426	118	58	1	23
20180427	118	58	1	23
20180428	119	58	0	23
20180429	119	58	0	23
20180430	119	58	0	23
20180501	119	58	0	23
20180502	119	60	0	23
20180503	119	60	0	23
20180504	119	62	0	23
20180505	119	62	0	23
20180506	119	62	0	23
20180507	119	62	0	23
20180508	119	62	0	23
20180509	118	62	0	23
20180510	118	62	0	23
20180511	118	63	0	23
20180512	118	63	0	23
20180513	118	63	0	23
20180514	118	63	0	23
20180515	118	63	0	23
20180516	118	63	0	23
20180517	118	63	0	23
20180518	118	63	0	23
20180519	118	63	0	23
20180520	118	63	0	23
20180521	118	63	0	23
20180522	118	63	0	23
20180523	118	63	0	23
20180524	118	63	0	23
20180525	118	63	0	23
20180526	118	63	0	23
20180527	118	63	0	23
20180528	118	64	0	23
20180529	118	64	0	23
20180530	118	64	0	23
20180531	118	64	0	23
20180601	118	64	0	23
20180602	118	64	0	23
20180603	118	64	0	23
20180604	118	64	0	23
20180605	118	64	0	23
20180606	118	64	0	23
20180607	118	64	0	23
20180608	118	64	0	23
20180609	118	64	0	23
20180610	118	64	0	23
20180611	118	64	0	23
20180612	118	64	0	23
20180613	118	66	0	23
20180614	118	66	0	23
20180615	118	66	0	23
20180616	118	66	0	23
20180617	118	66	0	23
20180618	118	66	0	23
20180619	118	66	0	23
20180620	118	66	0	23
20180621	118	66	0	23
20180622	118	66	0	23
20180623	118	66	0	23
20180624	118	66	0	23
20180625	118	66	0	23
20180626	118	66	0	23
20180627	118	66	0	23
20180628	118	66	0	23
20180629	118	66	0	23
20180630	118	66	0	23
20180701	118	66	0	23
20180702	118	66	0	23
20180703	118	66	0	23
20180704	118	66	0	23
20180705	118	66	0	23
20180706	118	66	0	23
20180707	118	66	0	23
20180708	118	66	0	23
20180709	118	66	0	23
20180710	118	66	0	23
20180711	118	66	0	23
20180712	118	66	0	23
20180713	118	66	0	23
20180714	118	66	0	23
20180715	118	66	0	23
20180716	118	66	0	23
20180717	118	66	0	23
20180718	118	66	0	23
20180719	117	66	0	22
20180720	117	66	0	22
20180721	117	66	0	22
20180722	117	66	0	22
20180723	117	66	0	22
20180724	117	66	0	22
20180725	117	66	0	22
20180726	117	66	0	22
20180727	117	66	0	22
20180728	117	66	0	22
20180729	117	66	0	22
20180730	117	66	0	22
20180731	117	66	0	22
20180801	117	66	0	22
20180802	117	66	0	22
20180803	117	66	0	22
20180804	117	66	0	22
20180805	117	66	0	22
20180806	117	66	0	22
20180807	117	66	0	22
20180808	117	68	0	22
20180809	117	68	0	22
20180810	117	68	0	22
20180811	117	68	0	22
20180812	117	68	0	22
20180813	117	68	0	22
20180814	117	68	0	22
20180815	117	69	0	22
20180816	117	69	0	22
20180817	117	69	0	22
20180818	117	69	0	22
20180819	117	71	0	22
20180820	118	71	0	22
20180821	118	71	0	22
20180822	118	71	0	22
20180823	118	71	0	22
20180824	118	71	0	22
20180825	118	71	0	22
20180826	118	71	0	22
20180827	118	71	0	22
20180828	118	71	0	22
20180829	118	71	0	22
20180830	118	71	0	22
20180831	118	71	0	22
20180901	118	71	0	22
20180902	118	71	0	22
20180903	117	70	0	22
20180904	117	70	0	22
20180905	117	70	0	22
20180906	117	70	0	22
20180907	117	70	0	22
20180908	117	70	0	22
20180909	117	72	0	22
20180910	117	72	0	22
20180911	117	72	0	22
20180912	117	72	0	22
20180913	117	72	0	22
20180914	117	72	0	22
20180915	117	72	0	22
20180916	117	72	0	22
20180917	117	72	0	22
20180918	117	72	0	22
20180919	117	72	0	22
20180920	117	72	0	22
20180921	117	72	0	22
20180922	117	72	0	22
20180923	117	72	0	22
20180924	117	72	0	22
20180925	117	72	0	22
20180926	117	72	0	22
20180927	117	72	0	22
20180928	117	72	0	22
20180929	117	72	0	22
20180930	117	72	0	22
20181001	115	71	0	22
20181002	115	71	0	22
20181003	115	71	0	22
20181004	115	71	0	22
20181005	115	71	0	22
20181006	115	71	0	22
20181007	115	71	0	22
20181008	115	71	0	22
20181009	115	71	0	22
20181010	115	71	0	22
20181011	115	71	0	22
20181012	115	71	0	22
20181013	115	71	0	22
20181014	115	71	0	22
20181015	115	71	0	22
20181016	115	71	0	22
20181017	115	71	0	22
20181018	115	71	0	22
20181019	115	71	0	22
20181020	114	70	0	22
20181021	113	69	0	22
20181022	113	69	0	22
20181023	113	69	0	22
20181024	113	69	0	22
20181025	113	69	0	22
20181026	113	69	0	22
20181027	113	69	0	22
20181028	113	69	0	22
20181029	113	69	0	22
20181030	113	69	0	22
20181031	113	69	0	22
20181101	113	69	0	22
20181102	113	69	0	22
20181103	113	69	0	22
20181104	113	69	0	22
20181105	113	69	0	22
20181106	113	69	0	22
20181107	113	69	0	22
20181108	113	69	0	22
20181109	113	69	0	22
20181110	113	69	0	22
20181111	113	69	0	22
20181112	112	68	0	22
20181113	112	68	0	22
20181114	112	68	0	22
20181115	112	68	0	22
20181116	112	68	0	22
20181117	112	68	0	22
20181118	112	68	0	22
20181119	112	68	0	22
20181120	112	68	0	22
20181121	112	68	0	22
20181122	112	68	0	22
20181123	111	67	0	22
20181124	111	67	0	22
20181125	111	67	0	22
20181126	111	67	0	22
20181127	111	67	0	22
20181128	111	67	0	22
20181129	111	67	0	22
20181130	111	67	0	22
20181201	111	67	0	22
20181202	111	67	0	22
20181203	111	68	0	22
20181204	111	68	0	22
20181205	111	68	0	22
20181206	111	68	0	22
20181207	111	68	0	22
20181208	111	68	0	22
20181209	111	68	0	22
20181210	111	68	0	22
20181211	111	68	0	22
20181212	111	68	0	22
20181213	111	68	0	22
20181214	111	69	0	22
20181215	111	69	0	22
20181216	111	70	0	22
20181217	111	70	0	22
20181218	111	70	0	22
20181219	111	70	0	22
20181220	111	70	0	22
20181221	111	70	0	22
20181222	111	70	0	22
20181223	111	71	0	22
20181224	111	71	0	22
20181225	111	71	0	22
20181226	111	71	0	22
20181227	111	71	0	22
20181228	111	71	0	22
20181229	111	71	0	22
20181230	111	71	0	22
20181231	109	70	0	20
20190101	109	11	0	20
20190102	109	11	0	20
20190103	109	11	0	20
20190104	108	13	0	20
20190105	108	13	0	20
20190106	108	13	0	20
20190107	108	27	0	20
20190108	108	27	0	20
20190109	108	27	0	20
20190110	108	27	0	20
20190111	108	28	0	20
20190112	108	28	0	20
20190113	108	28	0	20
20190114	108	28	0	20
20190115	108	28	0	20
20190116	108	28	0	20
20190117	108	28	0	20
20190118	108	28	0	20
20190119	108	28	0	20
20190120	108	30	0	20
20190121	108	30	0	20
20190122	108	30	0	20
20190123	108	30	0	20
20190124	108	30	0	20
20190125	108	31	0	20
20190126	108	31	0	20
20190127	108	31	0	20
20190128	108	31	0	20
20190129	108	31	0	20
20190130	108	31	0	20
20190131	108	31	0	20
20190201	108	31	0	20
20190202	108	31	0	20
20190203	108	32	0	20
20190204	108	32	0	20
20190205	108	32	0	20
20190206	108	32	0	20
20190207	108	32	0	20
20190208	108	32	0	20
20190209	108	32	0	20
20190210	108	32	0	20
20190211	108	32	0	20
20190212	107	32	0	20
20190213	107	32	0	20
20190214	107	32	0	20
20190215	107	32	0	20
20190216	107	34	0	20
20190217	107	34	0	20
20190218	107	38	0	20
20190219	107	40	0	20
20190220	106	40	0	20
20190221	106	40	0	20
20190222	106	40	0	20
20190223	106	40	0	20
20190224	106	40	0	20
20190225	106	40	0	20
20190226	106	41	0	20
20190227	107	41	0	20
20190228	107	44	0	20
20190301	107	44	0	20
20190302	107	44	0	20
20190303	107	44	0	20
20190304	107	44	0	20
20190305	107	44	0	20
20190306	107	44	0	20
20190307	107	44	0	20
20190308	107	44	0	20
20190309	107	44	0	20
20190310	107	44	0	20
20190311	107	45	1	20
20190312	107	45	1	20
20190313	107	45	1	20
20190314	107	46	1	20
20190315	107	48	1	20
20190316	107	48	1	20
20190317	107	48	1	20
20190318	107	48	1	20
20190319	107	50	1	20
20190320	107	50	2	20
20190321	107	50	2	20
20190322	107	50	2	20
20190323	108	50	1	20
20190324	108	50	1	20
20190325	108	50	1	20
20190326	108	50	1	20
20190327	108	53	1	20
20190328	108	53	2	20
20190329	108	53	4	20
20190330	108	53	4	20
20190331	108	53	4	20
20190401	108	53	4	20
20190402	108	53	4	20
20190403	108	53	4	20
20190404	108	53	4	20
20190405	110	53	2	20
20190406	110	53	2	20
20190407	110	57	2	20
20190408	110	57	2	20
20190409	110	57	2	20
20190410	110	57	2	20
20190411	110	57	2	20
20190412	110	57	2	20
20190413	109	57	2	19
20190414	109	57	2	19
20190415	109	57	2	19
20190416	109	57	3	19
20190417	109	57	3	19
20190418	109	57	3	19
20190419	110	57	2	19
20190420	110	57	2	19
20190421	110	58	2	19
20190422	110	58	2	19
20190423	110	58	2	19
20190424	110	58	2	19
20190425	110	58	2	19
20190426	111	58	2	19
20190427	111	59	2	19
20190428	110	62	2	19
20190429	110	62	2	19
20190430	110	62	2	19
20190501	110	62	2	19
20190502	110	62	2	19
20190503	110	62	2	19
20190503	110	62	2	19
20190504	110	62	2	19
20190505	110	63	2	19
20190506	110	63	2	19
20190507	110	63	3	19
20190508	110	63	3	19
20190509	110	63	3	19
20190510	110	63	3	19
20190511	110	63	3	19
20190512	110	63	3	19
20190513	110	64	3	19
20190514	110	64	3	19
20190515	110	64	3	19
20190516	110	64	3	19
20190517	110	64	3	19
20190518	110	64	3	19
20190519	110	64	3	19
20190520	110	64	3	19
20190521	110	64	3	19
20190522	110	64	3	19
20190523	109	64	3	18
20190524	108	64	3	18
20190525	107	64	3	18
20190526	107	64	3	18
20190527	106	63	3	17
20190528	106	63	3	17
20190529	106	63	3	17
20190530	106	63	3	17
20190531	106	63	3	17
20190601	106	63	3	17
20190602	106	63	3	17
20190603	106	63	3	17
20190604	105	63	3	17
20190605	105	63	3	17
20190606	105	63	3	17
20190607	105	63	3	17
20190608	105	63	3	17
20190609	105	63	3	17
20190610	105	63	3	17
20190611	104	62	3	17
20190612	104	62	3	17
20190613	103	61	3	17
20190614	103	61	3	17
20190615	103	61	3	17
20190616	103	61	3	17
20190617	103	61	3	17
20190618	103	61	3	17
20190619	103	61	3	17
20190620	103	61	3	17
20190621	103	61	3	17
20190622	103	61	3	17
20190623	103	61	3	17
20190624	103	61	3	17
20190625	103	61	3	17
20190626	103	61	3	17
20190627	103	61	3	17
20190628	103	61	3	17
20190629	103	61	3	17
20190630	103	61	3	17
20190701	103	61	3	17
20190702	103	61	3	17
20190703	103	61	3	17
20190704	103	61	3	17
20190705	103	61	3	17
20190706	103	62	3	17
20190707	103	62	3	17
20190708	103	62	3	17
20190709	103	62	3	17
20190710	103	62	4	17
20190711	103	62	4	17
20190712	103	62	4	17
20190713	104	62	3	17
20190714	104	65	3	17
20190715	104	65	3	17
20190716	104	65	3	17
20190717	104	65	3	17
20190718	104	65	3	17
20190719	104	65	3	17
20190720	104	65	3	17
20190721	104	65	3	17
20190722	104	65	3	17
20190723	104	65	4	17
20190724	104	65	4	17
20190725	104	65	4	17
20190726	104	65	4	17
20190727	105	65	3	17
20190728	105	66	3	17
20190729	105	66	3	17
20190730	105	66	3	17
20190731	105	66	3	17
20190801	105	66	3	17
20190802	105	66	3	17
20190803	105	66	3	17
20190804	106	68	3	17
20190805	106	68	3	17
20190806	106	68	3	17
20190807	106	68	3	17
20190808	106	68	3	17
20190809	106	68	3	17
20190810	106	68	3	17
20190811	106	68	3	17
20190812	106	68	3	17
20190813	106	68	3	17
20190814	106	68	3	17
20190815	106	68	3	17
20190816	106	68	3	17
20190817	106	68	3	17
20190818	106	68	3	17
20190819	106	68	3	17
20190820	106	68	3	17
20190821	106	68	3	17
20190822	106	68	3	17
20190823	106	68	3	17
20190824	106	68	3	17
20190825	106	68	3	17
20190826	106	68	3	17
20190827	106	68	3	17
20190828	106	68	3	17
20190829	106	68	3	17
20190830	106	68	3	17
20190831	106	68	3	17
20190901	106	68	3	17
20190902	106	68	3	17
20190903	106	68	3	17
20190904	106	68	3	17
20190905	106	68	3	17
20190906	106	68	3	17
20190907	106	68	3	17
20190908	106	68	2	17
20190909	106	68	2	17
20190910	106	68	2	17
20190911	106	68	2	17
20190912	105	67	2	17
20190913	105	67	2	17
20190914	105	67	2	17
20190915	105	67	2	17
20190916	105	67	2	17
20190917	105	67	2	17
20190918	105	67	2	17
20190919	105	67	2	17
20190920	105	67	2	17
20190921	105	67	2	17
20190922	105	67	2	17
20190923	105	67	2	17
20190924	105	67	2	17
20190925	105	67	2	17
20190926	105	67	1	17
20190927	105	67	1	17
20190928	105	67	1	17
20190929	105	67	1	17
20190930	105	67	1	17
20191001	105	67	1	17
20191002	105	67	1	17
20191003	105	67	1	17
20191004	105	67	1	17
20191005	105	67	1	17
20191006	105	67	1	17
20191007	105	67	1	17
20191008	105	67	1	17
20191009	105	67	1	17
20191010	105	67	1	17
20191011	105	67	1	17
20191012	105	67	1	17
20191013	105	67	1	17
20191014	105	67	1	17
20191015	105	67	1	17
20191016	105	67	1	17
20191017	105	67	1	17
20191018	105	67	1	17
20191019	105	67	1	17
20191020	105	67	1	17
20191021	105	67	1	17
20191022	105	67	1	17
20191023	105	67	1	17
20191024	105	67	1	17
20191025	105	67	1	17
20191026	105	67	1	17
20191027	105	68	1	17
20191028	105	68	1	17
20191029	105	68	1	17
20191030	105	68	1	17
20191031	105	68	1	17
20191101	105	68	1	17
20191102	105	68	1	17
20191103	105	68	1	17
20191104	105	68	1	17
20191105	105	68	0	17
20191106	105	68	0	17
20191107	105	68	0	17
20191108	105	68	0	17
20191109	105	68	0	17
20191110	105	68	0	17
20191111	105	68	0	17
20191112	105	68	0	17
20191113	105	68	0	17
20191114	105	68	0	17
20191115	105	68	0	17
20191116	105	68	0	17
20191117	105	68	0	17
20191119	105	68	0	17
20191120	105	68	0	17
20191121	105	68	0	17
20191122	105	68	0	17
20191123	105	68	0	17
20191124	105	69	0	17
20191125	105	69	0	17
20191126	105	69	0	17
20191127	105	69	0	17
20191128	105	69	0	17
20191129	105	69	0	17
20191130	105	69	0	17
20191201	105	69	0	17
20191202	105	69	0	17
20191203	105	69	0	17
20191204	105	69	0	17
20191205	105	69	0	17
20191206	105	69	0	17
20191207	105	69	0	17
20191208	105	69	0	17
20191209	105	69	0	17
20191210	105	69	0	17
20191211	105	69	0	17
20191212	105	69	0	17
20191213	105	69	0	17
20191214	105	69	0	17
20191215	105	70	0	17
20191216	105	70	0	17
20191217	105	70	0	17
20191218	105	70	0	17
20191219	105	70	0	17
20191220	105	70	0	17
20191221	105	70	0	17
20191222	105	70	0	17
20191223	104	69	0	17
20191224	104	69	0	17
20191225	104	69	0	17
20191226	104	69	0	17
20191227	104	69	0	17
20191228	104	69	0	17
20191229	104	69	0	17
20191230	104	69	0	17
20191231	104	69	0	17
20200101	104	1	0	17
20200102	104	1	0	17
20200103	104	1	0	17
20200104	104	1	0	17
20200105	104	3	0	17
20200106	104	14	0	17
20200107	104	14	0	17
20200108	104	14	0	17
20200109	104	14	0	17
20200110	104	14	0	17
20200111	104	14	0	17
20200112	104	15	0	17
20200113	104	16	0	17
20200114	104	16	0	17
20200115	104	16	0	17
20200116	104	16	0	17
20200117	104	16	0	17
20200118	104	16	0	17
20200119	104	16	0	17
20200120	104	16	0	17
20200121	104	16	0	17
20200122	105	17	0	17
20200123	105	17	0	17
20200124	105	17	0	17
20200125	105	17	0	17
20200126	105	19	0	17
20200127	105	19	0	17
20200128	105	19	0	17
20200129	105	19	0	17
20200130	105	19	0	17
20200131	105	19	0	17
20200201	105	19	0	17
20200202	105	20	0	17
20200203	105	20	0	17
20200204	105	20	0	17
20200205	105	20	0	17
20200206	105	20	0	17
20200207	105	20	0	17
20200208	105	20	0	17
20200209	105	25	0	17
20200210	105	25	0	17
20200211	104	25	0	17
20200212	104	25	0	17
20200213	104	25	0	17
20200214	104	25	0	17
20200215	104	25	0	17
20200216	103	30	0	17
20200217	103	33	0	17
20200218	103	33	0	17
20200219	103	33	0	17
20200220	103	34	0	17
20200221	103	34	0	17
20200222	103	34	0	17
20200223	103	36	0	17
20200224	103	36	0	17
20200225	103	36	0	17
20200226	103	36	0	17
20200227	103	36	0	17
20200228	103	36	0	17
20200229	103	36	0	17
20200301	103	37	0	17
20200302	103	37	0	17
20200303	103	37	0	17
20200304	103	37	0	17
20200305	103	37	0	17
20200306	103	37	0	17
20200307	103	37	0	17
20200308	103	39	0	17
20200309	103	40	0	17
20200310	103	40	0	17
20200311	103	40	0	17
20200312	103	40	0	17
20200313	103	40	0	17
20200314	103	40	0	17
20200315	103	41	0	17
20200316	103	41	0	17
20200317	103	41	0	17
20200318	103	41	0	17
20200319	103	41	0	17
20200320	103	41	0	17
20200321	103	41	0	17
20200322	103	42	0	17
20200323	103	42	0	17
20200324	103	42	0	17
20200325	103	42	0	17
20200326	103	42	0	17
20200327	103	42	0	17
20200328	103	42	0	17
20200329	103	42	1	17
20200330	103	42	1	17
20200331	103	42	1	17
20200401	103	42	1	17
20200402	103	42	1	17
20200403	103	42	1	17
20200404	103	42	1	17
20200405	103	42	1	17
20200406	103	43	1	17
20200407	103	43	1	17
20200408	103	43	1	17
20200409	103	43	1	17
20200410	103	43	1	17
20200411	103	43	1	17
20200412	103	46	1	17
20200413	103	46	1	17
20200414	103	46	1	17
20200415	103	46	1	17
20200416	103	46	1	17
20200417	103	46	1	17
20200418	103	46	1	17
20200419	103	47	1	17
20200420	103	48	1	17
20200421	103	48	1	17
20200422	103	48	1	17
20200423	103	48	1	17
20200424	103	48	1	17
20200425	103	48	1	17
20200426	103	49	1	17
20200427	103	49	1	17
20200428	103	49	1	17
20200429	103	49	1	17
20200430	102	49	1	17
20200501	102	49	1	17
20200502	102	49	1	17
20200503	102	49	1	17
20200504	102	49	1	17
20200505	102	49	1	17
20200506	102	49	1	17
20200507	102	49	1	17
20200508	102	49	1	17
20200509	102	49	1	17
20200615	102	53	1	17
20200616	102	53	1	17
20200617	102	53	1	17
20200618	102	53	1	17
20200619	102	53	1	17
20200620	102	53	1	17
20200621	102	53	1	17
20200622	102	53	1	17
20200623	102	53	1	17
20200624	102	53	1	17
20200625	102	53	1	17
20200626	101	52	1	17
20200627	101	52	1	17
20200628	101	53	1	17
20200629	101	53	1	17
20200630	101	53	1	17
20200701	101	53	1	17
20200702	101	53	1	17
20200703	101	53	1	17
20200704	101	53	1	17
20200705	101	53	1	17
20200706	101	53	1	17
20200707	101	53	1	17
20200708	101	53	1	17
20200709	101	53	1	17
20200710	101	53	1	17
20200711	101	53	1	17
20200712	101	53	1	17
20200713	101	53	1	17
20200714	101	53	1	17
20200715	101	53	1	17
20200716	101	53	1	17
20200717	101	53	1	17
20200718	101	53	1	17
20200719	101	53	1	17
20200720	101	53	1	17
20200721	101	53	1	17
20200722	101	53	1	17
20200723	101	53	1	17
20200724	101	53	1	17
20200725	101	53	1	17
20200726	101	53	1	17
20200727	101	53	1	17
20200728	101	53	1	17
20200729	101	53	1	17
20200730	101	53	1	17
20200731	101	53	1	17
20200801	101	53	1	17
20200802	101	53	1	17
20200803	101	53	1	17
20200804	101	53	1	17
20200805	101	53	1	17
20200806	101	53	1	17
20200807	101	53	1	17
20200808	101	53	1	17
20200809	101	53	1	17
20200810	101	53	1	17
20200811	101	53	1	17
20200812	101	53	1	17
20200813	101	54	1	17
20200814	101	54	1	17
20200815	101	54	1	17
20200816	101	54	1	17
20200817	101	54	1	17
20200818	101	54	2	17
20200819	101	54	2	17
20200820	101	54	2	17
20200821	101	54	2	17
20200822	101	54	3	17
20200823	101	55	3	17
20200824	101	55	3	17
20200825	101	55	3	17
20200826	101	55	3	17
20200827	101	55	3	17
20200828	101	55	3	17
20200829	101	55	3	17
20200830	102	55	2	17
20200831	102	56	2	17
20200901	102	56	2	17
20200902	102	56	2	17
20200903	102	56	2	17
20200904	102	56	2	17
20200905	102	56	2	17
20200906	102	56	2	17
20200907	102	56	2	17
20200908	102	56	2	17
20200909	102	56	2	17
20200910	102	56	2	17
20200911	102	56	2	17
20200912	102	56	2	17
20200913	102	56	2	17
20200914	102	56	2	17
20200915	102	56	2	17
20200916	102	56	2	17
20200917	102	56	2	17
20200918	102	56	2	17
20200919	102	56	2	17
20200920	102	57	2	17
20200921	102	57	2	17
20200922	102	57	2	17
20200923	102	57	2	17
20200924	102	57	2	17
20200925	102	57	1	17
20200926	102	57	1	17
20200927	102	57	1	17
20200928	102	58	1	17
20200929	102	58	1	17
20200930	102	58	1	17
20201001	102	58	1	17
20201002	102	58	1	17
20201003	102	58	1	17
20201004	102	58	1	17
20201005	102	58	1	17
20201006	102	58	1	17
20201007	102	58	1	17
20201008	102	58	1	17
20201009	102	58	1	17
20201010	102	58	1	17
20201011	102	58	1	17
20201012	102	58	1	17
20201013	102	58	1	17
20201014	102	58	1	17
20201015	102	58	1	17
20201016	102	58	1	17
20201017	102	58	1	17
20201018	102	58	1	17
20201019	102	58	1	17
20201020	101	57	1	17
20201021	101	57	1	17
20201022	101	57	1	17
20201023	101	57	1	17
20201024	101	57	1	17
20201025	101	57	1	17
20201026	101	57	1	17
20201027	101	57	1	17
20201028	101	57	1	17
20201029	101	57	1	17
20201030	101	57	1	17
20201031	101	57	1	17
20201101	101	57	1	17
20201102	101	57	1	17
20201103	101	57	1	17
20201104	101	57	1	17
20201105	101	57	1	17
20201106	101	57	1	17
20201107	101	57	1	17
20201108	101	57	1	17
20201109	101	57	1	17
20201110	101	57	2	17
20201111	101	57	2	17
20201112	101	57	2	17
20201113	100	56	3	17
20201114	102	56	1	17
20201115	102	58	1	17
20201116	102	58	1	17
