# ISO-Datum	Mitgl	stimmb	Quelle
20090602	1
20090624	4
20090627	8
20090716	19
20090720	20
20090803	25
20090809	30
20090818	36
20090826	35
20090827	38
20090913	48
20090921	56
20090924	57
20090927	57
20090929	60
20091025	61
20091128	61
20091228	60
20100110	62
20110502	68
20110707	71		http://vorstand.piratenpartei.de/2011/07/11/protokoll-zur-vorstandssitzung-2011-07-07/#Aktuelle_Kennzahlen
20110915	70		http://vorstand.piratenpartei.de/2011/09/27/protokoll-zur-vorstandssitzung-2011-15-09/#Aktuelle_Kennzahlen
20110929	72		http://vorstand.piratenpartei.de/2011/10/03/protokoll-zur-vorstandssitzung-2011-09-29/#Aktuelle_Kennzahlen
20111013	70		http://vorstand.piratenpartei.de/2011/10/27/protokoll-zur-vorstandssitzung-2011-10-13/
20111204	102		http://piratenpartei.wortgewalt.de/docs/bpt112/
20120429	125		https://wiki.piratenpartei.de/Bundesparteitag_2012.1#Akreditierungsstatistik
20120523	38
20120606	7
20120712	144
20120912	144	19
20121027	141	20	http://www.machmaldieaugenauf.de/2012/10/27/vorbereitung-der-bpt-akkreditierung/
20121105	141	34	http://www.machmaldieaugenauf.de/2012/10/27/vorbereitung-der-bpt-akkreditierung/
20121111	141	35	http://www.machmaldieaugenauf.de/2012/10/27/vorbereitung-der-bpt-akkreditierung/
20121118	141	45	http://www.machmaldieaugenauf.de/2012/10/27/vorbereitung-der-bpt-akkreditierung/
20121125	140	46	http://www.machmaldieaugenauf.de/2012/11/22/infos-zur-akkreditierung-beim-piraten-bundesparteitag-2012-2-bpt122/
20121128	140	46	http://www.machmaldieaugenauf.de/2012/11/28/abschliesende-statistiken-bpt122/
20121205	144	48
20130224	148	1
20130422	145	8	http://www.machmaldieaugenauf.de/2013/04/22/vorbereitung-der-akkreditierung-zum-bpt-in-neumarkt/
20130428	145	8	http://www.machmaldieaugenauf.de/2013/04/22/vorbereitung-der-akkreditierung-zum-bpt-in-neumarkt/
20130505	142	10	http://www.machmaldieaugenauf.de/2013/04/22/vorbereitung-der-akkreditierung-zum-bpt-in-neumarkt/
20130512	140	10	http://www.machmaldieaugenauf.de/2013/05/08/infos-zur-akkreditierung-beim-piraten-bundesparteitag-2013-2-bpt131/
20130513	140	10	http://www.machmaldieaugenauf.de/2013/05/13/abschliesende-statistiken-bpt131/
20130628	138	50
20131026	137	27	http://www.machmaldieaugenauf.de/2013/10/26/vorbereitung-der-akkreditierung-zum-bpt-in-bremen/
20131118	137	28	http://www.machmaldieaugenauf.de/2013/10/26/vorbereitung-der-akkreditierung-zum-bpt-in-bremen/
20131123	137	28	http://www.machmaldieaugenauf.de/2013/10/26/vorbereitung-der-akkreditierung-zum-bpt-in-bremen/
20131201	136	28	http://www.machmaldieaugenauf.de/2013/12/02/abschliessende-statistiken-zum-bpt132/
20140105	134	10	http://www.machmaldieaugenauf.de/2014/02/10/abschliessende-akkreditierungsstatistiken-zum-bpt141-und-zur-av-eu/
20140828	132		https://twitter.com/H3rmi/status/505047264071790592/photo/1
20140911	131	22	https://twitter.com/H3rmi/status/510137422357995520/photo/1
20140923	128	23
20140925	128	23	https://twitter.com/H3rmi/status/515199307776266240/photo/1
20141023	127	25
20141023	127	25	https://twitter.com/Bundes_GenSek/status/525300116002181120
20141106	126
20150128	121	9
20150415	113	14
20150608	109	14	1	2	scraped from http://finanzen.piratenpartei.de/statistik.php
20150609	109	14	1	2	scraped
20150610	109	14	1	2	scraped
20150611	109	14	1	2	scraped
20150612	109	14	1	2	scraped
20150613	109	14	1	2	scraped
20150614	109	14	1	2	scraped
20150615	109	14	1	2	scraped
20150616	109	14	1	2	scraped
20150617	109	14	1	2	scraped
20150618	109	14	1	2	scraped
20150619	109	14	1	2	scraped
20150620	109	14	1	2	scraped
20150621	109	14	1	2	scraped
20150622	110	15	1	2	scraped
20150623	110	15	1	2	scraped
20150624	110	15	1	2	scraped
20150625	110	15	1	2	scraped
20150626	110	15	1	2	scraped
20150627	110	15	1	2	scraped
20150628	110	15	1	2	scraped
20150629	110	15	1	2	scraped
20150630	110	15	1	2	scraped
20150701	110	15	1	2	scraped
20150702	110	15	1	2	scraped
20150703	110	15	1	2	scraped
20150704	111	16	0	2	scraped
20150705	111	16	0	2	scraped
20150706	111	16	0	2	scraped
20150707	111	16	0	2	scraped
20150708	111	16	0	2	scraped
20150709	111	16	0	2	scraped
20150710	111	16	0	2	scraped
20150711	111	16	0	2	scraped
20150712	111	16	0	2	scraped
20150713	111	16	0	2	scraped
20150714	111	16	0	2	scraped
20150715	111	16	0	2	scraped
20150716	111	16	0	2	scraped
20150717	111	16	0	2	scraped
20150718	111	16	0	2	scraped
20150719	111	16	0	2	scraped
20150720	111	16	0	2	scraped
20150721	111	16	0	2	scraped
20150722	111	16	0	2	scraped
20150723	111	16	0	2	scraped
20150724	111	16	0	2	scraped
20150725	111	16	0	2	scraped
20150726	111	16	0	2	scraped
20150727	111	16	0	2	scraped
20150728	111	16	0	2	scraped
20150729	111	16	0	2	scraped
20150730	111	16	0	2	scraped
20150731	111	16	0	2	scraped
20150801	111	16	0	2	scraped
20150802	111	16	0	2	scraped
20150803	111	16	0	2	scraped
20150804	111	16	0	2	scraped
20150805	111	16	0	2	scraped
20150806	111	16	0	2	scraped
20150807	111	16	0	2	scraped
20150808	111	16	0	2	scraped
20150809	111	16	0	2	scraped
20150810	111	16	0	2	scraped
20150811	111	16	0	2	scraped
20150812	111	16	0	2	scraped
20150813	111	16	0	2	scraped
20150814	111	16	0	2	scraped
20150815	111	16	0	2	scraped
20150816	111	16	0	2	scraped
20150817	111	16	0	2	scraped
20150818	111	16	0	2	scraped
20150819	111	16	0	2	scraped
20150820	111	16	0	2	scraped
20150821	111	16	0	2	scraped
20150822	111	16	0	2	scraped
20150823	111	16	0	2	scraped
20150824	111	16	0	2	scraped
20150825	111	16	0	2	scraped
20150826	111	16	0	2	scraped
20150827	111	16	0	2	scraped
20150828	111	16	0	2	scraped
20150829	111	16	0	2	scraped
20150830	111	16	0	2	scraped
20150831	111	16	0	2	scraped
20150901	111	16	0	2	scraped
20150902	111	16	0	2	scraped
20150903	111	16	0	2	scraped
20150904	111	16	0	2	scraped
20150905	111	16	0	2	scraped
20150906	111	16	0	2	scraped
20150907	111	16	0	2	scraped
20150908	111	16	0	2	scraped
20150909	111	16	0	2	scraped
20150910	113	18	0	2	scraped
20150911	113	18	0	2	scraped
20150912	113	18	0	2	scraped
20150913	113	18	0	2	scraped
20150914	113	18	0	2	scraped
20150915	113	18	0	2	scraped
20150916	113	18	0	2	scraped
20150917	113	18	0	2	scraped
20150918	113	18	0	2	scraped
20150919	113	18	0	2	scraped
20150920	113	18	0	2	scraped
20150921	113	18	0	2	scraped
20150922	113	18	0	2	scraped
20150923	113	18	0	2	scraped
20150924	113	18	0	2	scraped
20150925	113	18	0	2	scraped
20150926	113	18	0	2	scraped
20150927	113	18	0	2	scraped
20150928	113	18	0	2	scraped
20150929	113	18	0	2	scraped
20150930	113	18	0	2	scraped
20151001	113	18	0	2	scraped
20151002	113	18	0	2	scraped
20151003	113	18	0	2	scraped
20151004	113	18	0	2	scraped
20151005	112	18	0	2	scraped
20151006	112	18	0	2	scraped
20151007	111	17	0	1	scraped
20151008	111	17	0	1	scraped
20151009	111	17	0	1	scraped
20151010	111	17	0	1	scraped
20151011	111	17	0	1	scraped
20151012	111	17	0	1	scraped
20151013	111	17	0	1	scraped
20151014	109	17	0	1	scraped
20151015	109	17	0	1	scraped
20151016	108	17	0	1	scraped
20151017	108	17	0	1	scraped
20151018	108	17	0	1	scraped
20151019	108	17	0	1	scraped
20151020	107	17	0	1	scraped
20151021	107	22	0	1	scraped
20151022	107	22	0	1	scraped
20151023	107	23	0	1	scraped
20151024	107	23	0	1	scraped
20151025	107	23	0	1	scraped
20151026	107	23	0	1	scraped
20151027	107	23	0	1	scraped
20151028	107	23	0	1	scraped
20151029	107	23	0	1	scraped
20151030	107	23	0	1	scraped
20151031	107	23	0	1	scraped
20151101	107	23	0	1	scraped
20151102	107	23	0	1	scraped
20151103	107	23	0	1	scraped
20151104	107	23	0	1	scraped
20151105	107	23	0	1	scraped
20151106	107	23	0	1	scraped
20151107	107	23	0	1	scraped
20151108	107	23	0	1	scraped
20151109	107	23	0	1	scraped
20151110	107	23	0	1	scraped
20151111	107	23	0	1	scraped
20151112	107	23	0	1	scraped
20151113	107	23	0	1	scraped
20151114	107	23	0	1	scraped
20151115	107	23	0	1	scraped
20151116	107	23	0	1	scraped
20151117	107	23	0	1	scraped
20151118	107	23	0	1	scraped
20151119	107	23	0	1	scraped
20151120	107	23	0	1	scraped
20151121	107	23	0	1	scraped
20151122	107	23	0	1	scraped
20151123	107	23	0	1	scraped
20151124	107	23	0	1	scraped
20151125	107	23	0	1	scraped
20151126	107	23	0	1	scraped
20151127	107	23	0	1	scraped
20151128	106	23	0	1	scraped
20151129	106	23	0	1	scraped
20151130	106	23	0	1	scraped
20151201	106	23	0	1	scraped
20151202	106	23	0	1	scraped
20151203	105	23	0	0	scraped
20151204	105	23	0	0	scraped
20151205	105	23	0	0	scraped
20151206	105	23	0	0	scraped
20151207	105	23	0	0	scraped
20151208	105	23	0	0	scraped
20151209	105	23	0	0	scraped
20151210	105	24	0	0	scraped
20151211	105	24	0	0	scraped
20151212	105	25	0	0	scraped
20151213	105	25	0	0	scraped
20151214	105	25	0	0	scraped
20151215	105	25	0	0	scraped
20151216	105	25	0	0	scraped
20151217	105	25	0	0	scraped
20151218	105	25	0	0	scraped
20151219	105	25	0	0	scraped
20151220	105	25	0	0	scraped
20151221	105	25	0	0	scraped
20151222	105	25	0	0	scraped
20151223	105	25	0	0	scraped
20151224	106	26	0	0	scraped
20151225	106	26	0	0	scraped
20151226	106	26	0	0	scraped
20151227	106	26	0	0	scraped
20151228	106	26	0	0	scraped
20151229	106	26	0	0	scraped
20151230	106	26	0	0	scraped
20151231	106	26	0	0	scraped
20160101	106	3	0	0	scraped
20160102	107	7	0	0	scraped
20160103	107	7	0	0	scraped
20160104	107	7	0	0	scraped
20160105	107	7	0	0	scraped
20160106	107	7	0	0	scraped
20160107	107	7	0	0	scraped
20160108	107	7	0	0	scraped
20160109	107	7	0	0	scraped
20160110	107	7	0	0	scraped
20160111	107	7	0	0	scraped
20160112	107	7	0	0	scraped
20160113	107	7	0	0	scraped
20160114	107	7	0	0	scraped
20160115	107	7	0	0	scraped
20160116	107	7	0	0	scraped
20160117	107	7	0	0	scraped
20160118	107	7	0	0	scraped
20160119	107	9	0	0	scraped
20160120	107	9	0	0	scraped
20160121	107	9	0	0	scraped
20160122	107	9	0	0	scraped
20160123	107	9	0	0	scraped
20160124	108	9	0	0	scraped
20160125	108	9	0	0	scraped
20160126	108	9	0	0	scraped
20160127	108	9	0	0	scraped
20160128	108	9	0	0
20160129	108	9	0	0
20160130	108	9	0	0
20160131	108	9	0	0
20160201	108	9	0	0
20160202	108	9	0	0
20160203	108	9	0	0
20160204	108	9	0	0
20160205	108	9	0	0
20160206	107	10	0	0
20160207	107	10	0	0
20160208	107	10	0	0
20160209	107	10	0	0
20160210	107	10	0	0
20160211	107	12	0	0
20160212	107	12	0	0
20160213	108	15	0	0
20160214	108	15	0	0
20160215	108	15	0	0
20160216	108	16	0	0
20160217	108	17	0	0
20160218	108	17	0	0
20160219	108	17	0	0
20160220	108	17	0	0
20160221	107	17	0	0
20160222	106	17	2	0
20160223	106	17	2	0
20160224	106	17	2	0
20160225	106	17	2	0
20160226	107	17	1	0
20160227	107	17	1	0
20160228	107	17	1	0
20160229	108	21	0	0
20160301	108	21	0	0
20160302	108	21	0	0
20160303	108	21	0	0
20160304	108	21	0	0
20160305	108	21	0	0
20160306	108	21	0	0
20160307	108	21	0	0
20160308	108	21	0	0
20160309	108	22	0	0
20160310	108	22	0	0
20160311	108	22	0	0
20160312	108	24	0	0
20160313	108	24	0	0
20160314	108	24	0	0
20160315	108	24	0	0
20160316	108	25	0	0
20160317	108	25	0	0
20160318	108	25	0	0
20160319	108	25	0	0
20160320	108	25	0	0
20160321	108	25	0	0
20160322	108	25	0	0
20160323	108	25	0	0
20160324	108	25	0	0
20160325	107	26	0	0
20160326	107	26	0	0
20160327	107	26	0	0
20160328	107	26	0	0
20160329	107	26	0	0
20160330	107	26	0	0
20160331	107	26	0	0
20160401	107	26	0	0
20160402	107	26	0	0
20160403	107	26	0	0
20160404	107	26	0	0
20160405	107	26	0	0
20160406	107	26	0	0
20160407	107	26	0	0
20160408	107	26	0	0
20160409	107	27	0	0
20160410	107	27	0	0
20160411	107	27	0	0
20160412	107	27	0	0
20160413	107	27	0	0
20160414	107	27	0	0
20160415	107	27	0	0
20160416	107	27	0	0
20160417	107	27	0	0
20160418	107	27	0	0
20160419	107	28	0	0
20160420	107	28	0	0
20160421	107	29	0	0
20160422	106	29	0	0
20160423	106	29	0	0
20160424	106	29	0	0
20160425	106	29	0	0
20160426	106	29	0	0
20160427	106	29	0	0
20160428	106	29	0	0
20160429	107	29	0	0
20160430	107	29	0	0
20160501	107	29	0	0
20160502	107	29	0	0
20160503	107	29	0	0
20160504	107	29	0	0
20160505	107	29	0	0
20160506	107	29	0	0
20160507	107	29	0	0
20160508	107	29	0	0
20160509	107	29	0	0
20160510	107	29	0	0
20160511	107	29	0	0
20160512	107	29	0	0
20160513	107	29	0	0
20160514	107	29	0	0
20160515	107	29	0	0
20160516	107	29	0	0
20160517	107	29	0	0
20160518	107	29	0	0
20160519	107	29	0	0
20160520	107	29	0	0
20160521	107	29	0	0
20160522	107	29	0	0
20160523	107	29	0	0
20160524	107	29	0	0
20160525	107	29	0	0
20160526	107	29	0	0
20160527	107	29	0	0
20160528	107	29	0	0
20160529	107	29	0	0
20160530	107	29	0	0
20160531	107	29	0	0
20160601	107	29	0	0
20160602	107	29	0	0
20160603	107	29	0	0
20160604	107	29	0	0
20160605	107	29	0	0
20160606	107	29	0	0
20160607	107	29	0	0
20160608	107	29	0	0
20160609	107	29	0	0
20160610	107	29	0	0
20160611	107	29	0	0
20160612	107	29	0	0
20160613	107	29	0	0
20160614	107	29	0	0
20160615	107	29	0	0
20160616	107	29	0	0
20160617	107	29	0	0
20160618	107	29	0	0
20160619	107	29	0	0
20160620	107	29	0	0
20160621	107	29	0	0
20160622	107	29	0	0
20160623	107	29	0	0
20160624	107	29	0	0
20160625	107	29	0	0
20160626	107	29	0	0
20160627	107	29	0	0
20160628	107	29	0	0
20160629	107	29	0	0
20160630	107	29	0	0
20160701	107	29	0	0
20160702	107	29	0	0
20160703	107	29	0	0
20160704	107	29	0	0
20160705	107	29	0	0
20160706	107	29	0	0
20160707	106	29	0	0
20160708	106	29	0	0
20160709	106	29	0	0
20160710	106	29	0	0
20160711	106	29	0	0
20160712	106	29	0	0
20160713	106	29	0	0
20160714	106	29	0	0
20160715	106	29	0	0
20160716	106	29	0	0
20160717	106	29	0	0
20160718	48	29	0	0
20160719	48	29	0	0
20160720	48	29	0	0
20160721	48	29	0	0
20160722	48	29	0	0
20160723	48	29	0	0
20160724	48	29	0	0
20160725	48	29	0	0
20160726	48	29	0	0
20160727	48	29	0	0
20160728	48	29	0	0
20160729	48	29	0	0
20160730	48	29	0	0
20160731	48	29	0	0
20160801	48	29	0	0
20160802	48	29	0	0
20160803	48	30	0	0
20160804	48	30	0	0
20160805	48	30	0	0
20160806	48	30	0	0
20160807	48	30	0	0
20160808	48	30	0	0
20160809	48	30	0	0
20160810	48	30	0	0
20160811	48	30	0	0
20160812	48	30	0	0
20160813	48	30	0	0
20160814	48	30	0	0
20160815	48	30	0	0
20160816	48	30	0	0
20160817	48	30	0	0
20160818	48	30	0	0
20160819	48	30	0	0
20160820	48	30	0	0
20160821	48	30	0	0
20160822	48	30	0	0
20160823	48	30	0	0
20160824	48	30	0	0
20160825	49	31	0	0
20160826	49	31	0	0
20160827	49	31	0	0
20160828	49	31	0	0
20160829	49	31	0	0
20160830	49	31	0	0
20160831	48	31	0	0
20160901	48	31	0	0
20160902	48	31	0	0
20160903	48	31	0	0
20160904	48	31	0	0
20160905	48	31	0	0
20160906	48	31	0	0
20160907	48	31	0	0
20160908	48	31	0	0
20160909	48	31	0	0
20160910	48	31	0	0
20160911	47	30	0	0
20160912	47	30	0	0
20160913	47	30	0	0
20160914	47	30	0	0
20160915	47	30	0	0
20160916	47	30	0	0
20160917	47	30	0	0
20160918	47	30	0	0
20160919	47	30	0	0
20160920	47	30	0	0
20160921	47	30	0	0
20160922	47	30	0	0
20160923	47	30	0	0
20160924	47	30	0	0
20160925	47	30	0	0
20160926	47	30	0	0
20160927	46	30	0	0
20160928	46	30	0	0
20160929	46	30	0	0
20160930	46	30	0	0
20161001	46	30	0	0
20161002	46	30	0	0
20161003	46	30	0	0
20161004	46	30	0	0
20161005	46	30	0	0
20161006	46	30	0	0
20161007	46	30	0	0
20161008	46	30	0	0
20161009	46	30	0	0
20161010	46	30	0	0
20161011	46	30	0	0
20161012	46	30	0	0
20161013	46	30	0	0
20161014	46	30	0	0
20161015	46	30	0	0
20161016	46	30	0	0
20161017	46	30	0	0
20161018	46	30	0	0
20161019	46	30	0	0
20161020	46	30	0	0
20161021	46	30	0	0
20161022	46	30	0	0
20161023	46	30	0	0
20161024	46	30	0	0
20161025	46	30	0	0
20161026	46	30	0	0
20161027	46	30	0	0
20161028	46	30	0	0
20161029	46	30	0	0
20161030	46	30	0	0
20161031	46	30	0	0
20161101	46	30	0	0
20161102	46	30	0	0
20161103	46	30	0	0
20161104	46	30	0	0
20161105	46	30	0	0
20161106	46	30	0	0
20161107	46	30	0	0
20161108	46	30	0	0
20161109	46	30	0	0
20161110	46	30	0	0
20161111	46	30	0	0
20161112	46	30	0	0
20161113	45	29	0	0
20161114	45	29	0	0
20161115	45	29	0	0
20161116	45	29	0	0
20161117	45	29	0	0
20161118	45	29	0	0
20161119	45	29	0	0
20161120	45	29	0	0
20161121	45	29	0	0
20161122	45	29	0	0
20161123	45	29	0	0
20161124	45	29	0	0
20161125	45	29	0	0
20161126	45	29	0	0
20161127	45	29	0	0
20161128	45	29	0	0
20161129	45	29	0	0
20161130	45	29	0	0
20161201	45	29	0	0
20161202	45	29	0	0
20161203	45	29	0	0
20161204	45	29	0	0
20161205	44	29	0	0
20161206	44	29	0	0
20161207	44	29	0	0
20161208	44	29	0	0
20161209	44	29	0	0
20161210	44	29	0	0
20161211	44	29	0	0
20161212	44	29	0	0
20161213	44	29	0	0
20161214	44	29	0	0
20161215	44	29	0	0
20161216	44	29	0	0
20161217	44	29	0	0
20161218	44	29	0	0
20161219	44	29	0	0
20161220	44	29	0	0
20161221	44	29	0	0
20161222	44	29	0	0
20161223	44	29	0	0
20161224	44	29	0	0
20161225	44	29	0	0
20161226	44	29	0	0
20161227	44	29	0	0
20161228	44	29	0	0
20161229	44	29	0	0
20161230	44	29	0	0
20161231	44	29	0	0
20170101	44	1	0	0
20170102	44	2	0	0
20170103	44	2	0	0
20170104	44	2	0	0
20170105	44	2	0	0
20170106	44	2	0	0
20170107	44	2	0	0
20170108	44	2	0	0
20170109	44	2	0	0
20170110	44	2	0	0
20170111	44	2	0	0
20170112	44	8	0	0
20170113	44	8	0	0
20170114	44	8	0	0
20170115	43	8	0	0
20170116	43	9	0	0
20170117	43	11	0	0
20170118	43	11	0	0
20170119	43	11	0	0
20170120	43	11	0	0
20170121	43	11	0	0
20170122	43	11	0	0
20170123	43	11	0	0
20170124	43	11	0	0
20170125	43	11	0	0
20170126	43	11	0	0
20170127	43	11	0	0
20170128	43	11	0	0
20170129	43	11	0	0
20170130	43	11	0	0
20170131	43	11	0	0
20170201	43	11	0	0
20170202	43	11	0	0
20170203	43	11	0	0
20170204	43	11	0	0
20170205	43	11	0	0
20170206	43	11	0	0
20170207	42	10	0	0
20170208	42	10	0	0
20170209	42	10	0	0
20170210	42	10	0	0
20170211	42	10	0	0
20170212	42	10	0	0
20170213	42	10	0	0
20170214	42	10	0	0
20170215	41	10	0	0
20170216	41	10	0	0
20170217	41	10	0	0
20170218	41	10	0	0
20170219	41	10	0	0
20170220	41	10	0	0
20170221	41	10	0	0
20170222	41	10	1	0
20170223	41	10	1	0
20170224	41	11	1	0
20170225	41	11	1	0
20170226	41	12	1	0
20170227	41	12	1	0
20170228	41	13	1	0
20170301	41	13	1	0
20170302	41	13	1	0
20170303	41	13	1	0
20170304	41	13	1	0
20170305	41	13	1	0
20170306	41	13	1	0
20170307	41	13	1	0
20170308	41	13	1	0
20170309	41	14	1	0
20170310	41	14	1	0
20170311	41	14	1	0
20170312	41	14	1	0
20170313	41	14	1	0
20170314	41	14	1	0
20170315	41	14	1	0
20170316	41	14	1	0
20170317	41	14	2	0
20170318	41	14	2	0
20170319	41	14	2	0
20170320	41	14	2	0
20170321	41	15	2	0
20170322	41	15	2	0
20170323	41	16	2	0
20170324	41	16	2	0
20170325	42	18	1	0
20170326	42	18	1	0
20170327	42	18	1	0
20170328	42	18	1	0
20170329	42	18	1	0
20170330	43	18	1	0
20170331	43	18	1	0
20170401	43	18	1	0
20170402	43	18	1	0
20170403	43	18	1	0
20170404	43	18	1	0
20170405	43	18	1	0
20170406	43	18	1	0
20170407	43	19	0	0
20170408	43	19	0	0
20170409	43	19	0	0
20170410	43	19	0	0
20170411	43	19	0	0
20170412	43	19	0	0
20170413	43	19	0	0
20170414	43	19	0	0
20170415	43	19	0	0
20170416	43	19	0	0
20170417	43	19	0	0
20170418	43	19	0	0
20170419	43	19	0	0
20170420	43	19	0	0
20170421	43	19	0	0
20170422	43	19	0	0
20170423	43	19	0	0
20170424	43	19	0	0
20170425	43	19	0	0
20170426	43	19	0	0
20170427	43	19	0	0
20170428	43	19	0	0
20170429	43	19	0	0
20170430	43	20	0	0
20170501	43	20	0	0
20170502	43	20	0	0
20170503	43	20	0	0
20170504	42	20	0	0
20170505	42	20	0	0
20170506	42	20	0	0
20170507	42	20	0	0
20170508	42	20	0	0
20170509	41	19	0	0
20170510	41	19	0	0
20170511	41	19	0	0
20170512	41	19	0	0
20170513	41	19	0	0
20170514	41	19	0	0
20170515	41	19	0	0
20170516	41	19	0	0
20170517	41	19	0	0
20170518	41	19	0	0
20170519	41	19	0	0
20170520	41	19	0	0
20170521	41	19	0	0
20170522	41	19	0	0
20170523	41	19	0	0
20170524	41	19	0	0
20170525	41	19	0	0
20170526	41	19	0	0
20170527	40	19	0	0
20170528	40	19	0	0
20170529	40	19	0	0
20170530	40	19	0	0
20170531	40	19	0	0
20170601	40	19	0	0
20170602	40	19	0	0
20170603	40	19	0	0
20170604	40	19	0	0
20170605	40	19	0	0
20170606	40	19	0	0
20170607	40	19	0	0
20170608	39	19	0	0
20170609	39	19	0	0
20170610	39	19	0	0
20170611	39	19	0	0
20170612	39	19	0	0
20170613	39	19	0	0
20170614	41	21	0	0
20170615	41	21	0	0
20170616	41	21	0	0
20170617	41	21	0	0
20170618	41	21	0	0
20170619	41	21	0	0
20170620	41	21	0	0
20170621	41	21	0	0
20170622	41	21	0	0
20170623	41	21	0	0
20170624	41	21	0	0
20170625	41	21	0	0
20170626	41	21	0	0
20170627	41	21	0	0
20170628	41	21	0	0
20170629	41	21	0	0
20170630	41	21	0	0
20170701	41	21	0	0
20170702	41	21	0	0
20170703	41	21	0	0
20170704	41	21	0	0
20170705	41	21	0	0
20170706	41	21	0	0
20170707	41	21	0	0
20170708	41	21	0	0
20170709	41	21	0	0
20170710	41	21	0	0
20170711	41	21	0	0
20170712	41	21	0	0
20170713	41	21	0	0
20170714	41	21	0	0
20170715	41	21	0	0
20170716	41	21	0	0
20170717	41	21	0	0
20170718	41	21	0	0
20170719	41	21	0	0
20170720	41	21	0	0
20170721	41	21	0	0
20170722	41	21	0	0
20170723	41	21	0	0
20170724	41	21	0	0
20170725	41	21	0	0
20170726	41	21	0	0
20170727	41	21	0	0
20170728	41	21	0	0
20170729	41	21	0	0
20170730	41	21	0	0
20170731	41	21	0	0
20170801	41	21	0	0
20170802	41	21	0	0
20170803	41	21	0	0
20170804	41	21	0	0
20170805	41	21	0	0
20170806	41	21	0	0
20170807	41	21	0	0
20170808	41	21	0	0
20170809	41	21	0	0
20170810	41	21	0	0
20170811	41	21	0	0
20170812	41	21	0	0
20170813	41	21	0	0
20170814	41	21	0	0
20170815	41	21	0	0
20170816	41	21	0	0
20170817	41	21	0	0
20170818	41	21	0	0
20170819	41	21	0	0
20170820	41	21	0	0
20170821	41	21	0	0
20170822	41	21	0	0
20170823	41	21	0	0
20170824	41	21	0	0
20170825	41	21	0	0
20170826	41	21	0	0
20170827	41	21	0	0
20170828	41	21	0	0
20170829	41	21	0	0
20170830	41	21	0	0
20170831	41	21	0	0
20170901	41	21	0	0
20170902	41	21	0	0
20170903	41	21	0	0
20170904	41	21	0	0
20170905	41	21	0	0
20170906	41	21	0	0
20170907	41	21	0	0
20170908	41	21	0	0
20170909	41	21	0	0
20170910	41	21	0	0
20170911	41	21	0	0
20170912	41	21	0	0
20170913	41	21	0	0
20170914	41	21	0	0
20170915	41	21	0	0
20170916	41	21	0	0
20170917	41	21	0	0
20170918	41	21	0	0
20170919	41	21	0	0
20170920	41	21	0	0
20170921	41	21	0	0
20170922	41	21	0	0
20170923	41	21	0	0
20170924	41	21	0	0
20170925	41	21	0	0
20170926	41	21	0	0
20170927	41	21	0	0
20170928	41	21	0	0
20170929	41	21	0	0
20170930	41	21	0	0
20171001	41	21	0	0
20171002	41	21	0	0
20171003	41	21	0	0
20171004	41	21	0	0
20171005	41	21	0	0
20171006	41	21	0	0
20171007	41	21	0	0
20171008	41	21	0	0
20171009	41	21	0	0
20171010	41	21	0	0
20171011	41	21	0	0
20171012	41	21	0	0
20171013	41	21	0	0
20171014	41	21	0	0
20171015	41	21	0	0
20171016	41	21	0	0
20171017	41	21	0	0
20171018	41	21	0	0
20171019	41	21	0	0
20171020	41	21	0	0
20171021	41	21	0	0
20171022	41	21	0	0
20171023	41	21	0	0
20171024	41	21	0	0
20171025	41	21	0	0
20171026	41	21	0	0
20171027	41	21	0	0
20171028	41	21	0	0
20171029	41	21	0	0
20171030	41	22	0	0
20171031	41	22	0	0
20171101	41	22	0	0
20171102	41	22	0	0
20171103	41	22	0	0
20171104	41	22	0	0
20171105	41	22	0	0
20171106	41	22	0	0
20171107	41	23	0	0
20171108	41	23	0	0
20171109	41	23	0	0
20171110	41	23	0	0
20171111	41	23	0	0
20171112	41	23	0	0
20171113	41	23	0	0
20171114	41	23	0	0
20171115	41	23	0	0
20171116	41	23	0	0
20171117	41	23	0	0
20171118	41	23	0	0
20171119	41	23	0	0
20171120	41	23	0	0
20171121	41	23	0	0
20171122	41	23	0	0
20171123	41	23	0	0
20171124	41	23	0	0
20171125	41	23	0	0
20171126	41	23	0	0
20171127	41	23	0	0
20171128	41	23	0	0
20171129	41	23	0	0
20171130	41	23	0	0
20171201	41	23	0	0
20171202	41	23	0	0
20171203	41	23	0	0
20171204	41	23	0	0
20171205	41	23	0	0
20171206	41	23	0	0
20171207	41	23	0	0
20171208	41	23	0	0
20171209	41	23	0	0
20171210	41	23	0	0
20171211	41	23	0	0
20171212	41	23	0	0
20171213	41	23	0	0
20171214	41	23	0	0
20171215	41	23	0	0
20171216	41	23	0	0
20171217	41	23	0	0
20171218	41	23	0	0
20171219	41	23	0	0
20171220	41	23	0	0
20171221	41	23	0	0
20171222	41	23	0	0
20171223	41	24	0	0
20171224	41	24	0	0
20171225	41	24	0	0
20171226	41	24	0	0
20171227	41	24	0	0
20171228	41	24	0	0
20171229	41	24	0	0
20171230	41	24	0	0
20171231	41	24	0	0
20180102	41	0	0	0
20180103	41	0	0	0
20180104	41	5	0	0
20180105	41	5	0	0
20180106	41	6	0	0
20180107	41	6	0	0
20180108	41	6	0	0
20180109	41	6	0	0
20180110	41	6	0	0
20180111	41	6	0	0
20180112	41	6	0	0
20180113	41	6	0	0
20180114	41	7	0	0
20180115	41	7	0	0
20180116	41	7	0	0
20180117	41	9	0	0
20180118	41	9	0	0
20180119	41	9	0	0
20180120	41	9	0	0
20180121	41	9	0	0
20180122	41	9	0	0
20180123	41	9	0	0
20180124	41	9	0	0
20180125	41	9	0	0
20180126	41	10	0	0
20180127	41	10	0	0
20180128	41	10	0	0
20180129	41	11	0	0
20180130	41	11	0	0
20180131	41	11	0	0
20180201	41	11	0	0
20180202	41	11	0	0
20180203	41	11	0	0
20180204	41	11	0	0
20180205	41	11	0	0
20180206	41	11	0	0
20180207	41	11	0	0
20180208	41	11	0	0
20180209	41	11	0	0
20180210	41	12	0	0
20180211	41	12	0	0
20180212	41	12	0	0
20180213	41	12	0	0
20180214	41	13	0	0
20180215	41	15	0	0
20180216	41	15	0	0
20180217	41	15	0	0
20180218	41	15	0	0
20180219	41	16	0	0
20180220	41	16	0	0
20180221	41	16	0	0
20180222	41	16	0	0
20180223	41	16	0	0
20180224	41	16	0	0
20180225	41	16	0	0
20180226	41	16	0	0
20180227	41	16	0	0
20180228	41	16	0	0
20180301	41	16	0	0
20180302	41	17	0	0
20180303	41	17	0	0
20180304	41	17	0	0
20180305	41	17	0	0
20180306	41	17	0	0
20180307	41	17	0	0
20180308	41	17	0	0
20180309	41	17	0	0
20180310	41	17	0	0
20180311	41	17	0	0
20180312	41	17	0	0
20180313	41	17	0	0
20180314	41	17	0	0
20180315	41	17	0	0
20180316	41	17	0	0
20180317	41	17	0	0
20180318	41	17	0	0
20180319	41	17	0	0
20180320	41	17	0	0
20180321	41	17	0	0
20180322	41	17	0	0
20180323	41	17	0	0
20180324	41	17	0	0
20180325	41	17	0	0
20180326	41	17	0	0
20180327	41	17	0	0
20180328	41	17	0	0
20180329	41	17	0	0
20180330	41	17	0	0
20180331	41	17	0	0
20180401	41	17	0	0
20180402	41	17	0	0
20180403	40	17	0	0
20180404	40	17	0	0
20180405	40	17	0	0
20180406	40	17	0	0
20180407	40	17	0	0
20180408	40	17	0	0
20180409	40	17	0	0
20180410	40	17	0	0
20180411	40	17	0	0
20180412	40	17	0	0
20180413	40	17	0	0
20180414	40	17	0	0
20180415	40	17	0	0
20180416	40	17	0	0
20180417	40	17	0	0
20180418	40	17	0	0
20180419	40	17	0	0
20180420	41	18	0	0
20180421	41	18	0	0
20180422	41	18	0	0
20180423	41	18	0	0
20180424	41	18	0	0
20180425	41	18	0	0
20180426	41	18	0	0
20180427	41	18	0	0
20180428	41	18	0	0
20180429	41	18	0	0
20180430	41	18	0	0
20180501	41	18	0	0
20180502	41	18	0	0
20180503	40	18	0	0
20180504	40	19	0	0
20180505	40	19	0	0
20180506	40	19	0	0
20180507	40	19	0	0
20180508	40	19	0	0
20180509	40	19	0	0
20180510	40	19	0	0
20180511	40	19	0	0
20180512	40	19	0	0
20180513	40	19	0	0
20180514	40	19	0	0
20180515	40	19	0	0
20180516	40	19	0	0
20180517	40	19	0	0
20180518	40	19	0	0
20180519	40	19	0	0
20180520	40	19	0	0
20180521	40	19	0	0
20180522	40	19	0	0
20180523	40	19	0	0
20180524	40	19	0	0
20180525	40	19	0	0
20180526	40	19	0	0
20180527	40	19	0	0
20180528	40	19	0	0
20180529	40	19	0	0
20180530	40	19	0	0
20180531	40	19	0	0
20180601	40	19	0	0
20180602	40	19	0	0
20180603	40	19	0	0
20180604	40	19	0	0
20180605	40	19	0	0
20180606	40	19	0	0
20180607	40	19	0	0
20180608	40	21	0	0
20180609	40	21	0	0
20180610	40	21	0	0
20180611	40	21	0	0
20180612	40	21	0	0
20180613	40	21	0	0
20180614	40	21	0	0
20180615	40	21	0	0
20180616	40	21	0	0
20180617	40	21	0	0
20180618	40	21	0	0
20180619	40	21	0	0
20180620	40	22	0	0
20180621	40	22	0	0
20180622	40	22	0	0
20180623	40	22	0	0
20180624	40	22	0	0
20180625	40	22	0	0
20180626	40	22	0	0
20180627	40	22	0	0
20180628	40	22	0	0
20180629	40	22	0	0
20180630	40	22	0	0
20180701	40	22	0	0
20180702	40	22	0	0
20180703	40	22	0	0
20180704	40	22	0	0
20180705	40	22	0	0
20180706	40	22	0	0
20180707	40	22	0	0
20180708	40	22	0	0
20180709	40	22	0	0
20180710	40	22	0	0
20180711	40	22	0	0
20180712	40	22	0	0
20180713	40	22	0	0
20180714	40	22	0	0
20180715	40	22	0	0
20180716	40	22	0	0
20180717	40	22	0	0
20180718	40	22	0	0
20180719	40	22	0	0
20180720	40	22	0	0
20180721	40	22	0	0
20180722	40	22	0	0
20180723	40	22	0	0
20180724	40	22	0	0
20180725	40	22	0	0
20180726	40	22	0	0
20180727	40	22	0	0
20180728	40	22	0	0
20180729	40	22	0	0
20180730	40	22	0	0
20180731	40	22	0	0
20180801	40	22	0	0
20180802	40	22	0	0
20180803	40	22	0	0
20180804	40	22	0	0
20180805	40	22	0	0
20180806	40	22	0	0
20180807	40	22	0	0
20180808	40	22	0	0
20180809	40	22	0	0
20180810	40	22	0	0
20180811	40	22	0	0
20180812	40	22	0	0
20180813	40	22	0	0
20180814	40	22	0	0
20180815	40	22	0	0
20180816	40	22	0	0
20180817	40	22	0	0
20180818	40	22	0	0
20180819	40	22	0	0
20180820	40	22	0	0
20180821	40	22	0	0
20180822	40	22	0	0
20180823	40	22	0	0
20180824	40	22	0	0
20180825	40	22	0	0
20180826	40	22	0	0
20180827	40	22	0	0
20180828	40	22	0	0
20180829	40	22	0	0
20180830	40	22	0	0
20180831	40	22	0	0
20180901	40	22	0	0
20180902	40	22	0	0
20180903	40	22	0	0
20180904	40	22	0	0
20180905	40	22	0	0
20180906	40	22	0	0
20180907	40	22	0	0
20180908	40	22	1	0
20180909	40	22	1	0
20180910	40	22	1	0
20180911	40	22	1	0
20180912	40	22	1	0
20180913	40	22	1	0
20180914	40	22	1	0
20180915	40	22	1	0
20180916	40	22	1	0
20180917	40	22	1	0
20180918	40	22	1	0
20180919	40	22	1	0
20180920	40	22	1	0
20180921	40	22	1	0
20180922	40	22	1	0
20180923	40	22	1	0
20180924	40	22	1	0
20180925	40	22	1	0
20180926	40	22	1	0
20180927	40	22	1	0
20180928	40	22	1	0
20180929	40	22	1	0
20180930	40	22	1	0
20181001	40	22	1	0
20181002	40	22	1	0
20181003	40	22	1	0
20181004	40	22	1	0
20181005	40	22	1	0
20181006	40	22	1	0
20181007	40	22	1	0
20181008	40	22	1	0
20181009	40	22	1	0
20181010	40	22	1	0
20181011	40	22	1	0
20181012	40	22	1	0
20181013	40	22	1	0
20181014	40	22	1	0
20181015	40	22	1	0
20181016	40	22	1	0
20181017	40	22	1	0
20181018	40	22	1	0
20181019	40	22	1	0
20181020	40	22	1	0
20181021	40	22	1	0
20181022	40	22	1	0
20181023	40	22	1	0
20181024	40	22	1	0
20181025	40	22	1	0
20181026	40	22	1	0
20181027	40	22	1	0
20181028	40	22	1	0
20181029	40	22	1	0
20181030	40	22	1	0
20181031	40	22	1	0
20181101	40	22	1	0
20181102	40	22	1	0
20181103	40	22	1	0
20181104	40	22	1	0
20181105	40	22	1	0
20181106	40	22	1	0
20181107	40	22	1	0
20181108	40	22	1	0
20181109	40	22	1	0
20181110	41	23	1	0
20181111	41	23	1	0
20181112	41	23	1	0
20181113	41	23	1	0
20181114	41	23	1	0
20181115	41	23	1	0
20181116	41	23	1	0
20181117	41	23	1	0
20181118	41	23	1	0
20181119	41	23	1	0
20181120	41	23	1	0
20181121	41	23	1	0
20181122	41	23	1	0
20181123	41	23	1	0
20181124	41	23	1	0
20181125	41	23	1	0
20181126	41	23	1	0
20181127	41	23	1	0
20181128	41	23	1	0
20181129	41	23	1	0
20181130	41	23	1	0
20181201	41	23	1	0
20181202	41	23	1	0
20181203	41	24	1	0
20181204	41	24	1	0
20181205	41	24	1	0
20181206	41	24	1	0
20181207	41	24	1	0
20181208	41	24	1	0
20181209	41	24	1	0
20181210	41	24	1	0
20181211	41	24	1	0
20181212	41	24	1	0
20181213	41	24	1	0
20181214	41	24	1	0
20181215	41	24	1	0
20181216	41	24	1	0
20181217	41	24	1	0
20181218	41	24	1	0
20181219	41	24	1	0
20181220	41	24	1	0
20181221	41	24	1	0
20181222	41	24	1	0
20181223	41	24	1	0
20181224	41	24	1	0
20181225	41	24	1	0
20181226	41	24	1	0
20181227	41	24	1	0
20181228	41	24	1	0
20181229	41	24	1	0
20181230	41	24	1	0
20181231	41	24	1	0
20190101	41	4	1	0
20190102	41	4	1	0
20190103	41	4	1	0
20190104	41	4	1	0
20190105	41	4	1	0
20190106	41	4	1	0
20190107	41	9	1	0
20190108	41	9	1	0
20190109	41	9	1	0
20190110	41	9	1	0
20190111	41	9	1	0
20190112	41	9	1	0
20190113	41	9	1	0
20190114	41	9	1	0
20190115	41	9	1	0
20190116	41	9	1	0
20190117	41	9	1	0
20190118	41	9	1	0
20190119	41	9	1	0
20190120	41	9	1	0
20190121	41	9	1	0
20190122	41	9	1	0
20190123	41	9	1	0
20190124	41	9	1	0
20190125	41	9	1	0
20190126	41	11	1	0
20190127	41	11	1	0
20190128	41	11	1	0
20190129	41	11	1	0
20190130	41	11	1	0
20190131	41	11	1	0
20190201	41	11	1	0
20190202	41	11	1	0
20190203	41	11	1	0
20190204	41	11	1	0
20190205	41	11	1	0
20190206	41	11	1	0
20190207	41	11	1	0
20190208	41	11	1	0
20190209	41	11	1	0
20190210	41	11	1	0
20190211	41	11	1	0
20190212	41	11	1	0
20190213	41	11	1	0
20190214	41	11	1	0
20190215	41	11	1	0
20190216	41	11	1	0
20190217	41	11	1	0
20190218	41	12	1	0
20190219	41	13	1	0
20190220	41	13	1	0
20190221	41	13	1	0
20190222	41	13	1	0
20190223	41	13	1	0
20190224	41	13	1	0
20190225	41	13	1	0
20190226	41	14	1	0
20190227	41	14	1	0
20190228	41	14	1	0
20190301	41	14	1	0
20190302	41	14	1	0
20190303	41	15	1	0
20190304	41	15	1	0
20190305	41	15	1	0
20190306	41	15	1	0
20190307	41	15	1	0
20190308	41	15	1	0
20190309	40	14	0	0
20190310	40	14	0	0
20190311	40	14	0	0
20190312	40	14	0	0
20190313	40	14	0	0
20190314	40	14	0	0
20190315	40	14	0	0
20190316	40	14	0	0
20190317	40	14	0	0
20190318	40	14	0	0
20190319	39	14	0	0
20190320	39	14	0	0
20190321	39	14	0	0
20190322	39	14	0	0
20190323	39	14	0	0
20190324	39	14	0	0
20190325	39	14	0	0
20190326	39	14	0	0
20190327	39	14	0	0
20190328	39	14	0	0
20190329	39	14	1	0
20190330	40	14	0	0
20190331	40	14	0	0
20190401	40	15	0	0
20190402	40	15	0	0
20190403	40	15	0	0
20190404	40	15	0	0
20190405	40	15	0	0
20190406	40	15	0	0
20190407	40	15	0	0
20190408	40	15	0	0
20190409	40	15	0	0
20190410	40	15	0	0
20190411	40	15	0	0
20190412	40	15	0	0
20190413	40	15	0	0
20190414	40	16	0	0
20190415	40	16	0	0
20190416	40	16	0	0
20190417	40	16	0	0
20190418	40	17	0	0
20190419	40	17	0	0
20190420	40	17	0	0
20190421	40	17	0	0
20190422	40	17	0	0
20190423	40	17	0	0
20190424	40	17	0	0
20190425	40	17	0	0
20190426	40	17	0	0
20190427	40	17	0	0
20190428	40	17	0	0
20190429	40	17	0	0
20190430	40	18	0	0
20190501	40	18	0	0
20190502	40	18	0	0
20190503	40	19	0	0
20190503	40	19	0	0
20190504	40	19	0	0
20190505	40	19	0	0
20190506	40	19	0	0
20190507	40	19	0	0
20190508	40	19	0	0
20190509	40	19	0	0
20190510	40	19	0	0
20190511	40	19	0	0
20190512	40	19	0	0
20190513	40	20	0	0
20190514	40	20	0	0
20190515	40	20	0	0
20190516	40	20	0	0
20190517	40	20	0	0
20190518	40	20	0	0
20190519	40	20	0	0
20190520	40	20	0	0
20190521	40	20	0	0
20190522	40	20	1	0
20190523	40	20	1	0
20190524	40	20	1	0
20190525	40	20	1	0
20190526	40	20	1	0
20190527	40	20	1	0
20190528	40	20	1	0
20190529	40	20	1	0
20190530	40	20	2	0
20190531	40	20	2	0
20190601	40	20	2	0
20190602	40	20	2	0
20190603	40	20	2	0
20190604	40	20	2	0
20190605	40	20	2	0
20190606	40	20	2	0
20190607	40	20	2	0
20190608	41	20	1	0
20190609	41	21	1	0
20190610	41	21	1	0
20190611	41	21	1	0
20190612	41	21	1	0
20190613	41	21	1	0
20190614	41	21	1	0
20190615	41	21	1	0
20190616	41	21	1	0
20190617	41	21	1	0
20190618	41	21	1	0
20190619	41	21	1	0
20190620	41	21	1	0
20190621	41	21	2	0
20190622	41	21	2	0
20190623	41	21	2	0
20190624	41	21	2	0
20190625	42	22	2	0
20190626	42	22	2	0
20190627	42	22	2	0
20190628	42	22	2	0
20190629	42	22	2	0
20190630	42	22	2	0
20190701	42	22	2	0
20190702	42	22	2	0
20190703	42	22	2	0
20190704	42	22	2	0
20190705	42	22	2	0
20190706	42	22	2	0
20190707	42	22	2	0
20190708	42	22	2	0
20190709	42	22	2	0
20190710	42	22	2	0
20190711	42	22	2	0
20190712	42	22	2	0
20190713	43	22	1	0
20190714	43	24	1	0
20190715	43	24	1	0
20190716	43	24	1	0
20190717	43	24	1	0
20190718	43	24	1	0
20190719	43	24	1	0
20190720	43	24	1	0
20190721	43	24	1	0
20190722	43	24	1	0
20190723	43	24	1	0
20190724	43	24	1	0
20190725	43	24	1	0
20190726	43	24	1	0
20190727	43	24	1	0
20190728	43	24	1	0
20190729	43	24	1	0
20190730	43	24	1	0
20190731	43	24	1	0
20190801	43	24	1	0
20190802	43	24	1	0
20190803	43	24	1	0
20190804	43	24	1	0
20190805	43	24	1	0
20190806	43	24	1	0
20190807	43	24	1	0
20190808	43	24	1	0
20190809	43	24	1	0
20190810	43	24	1	0
20190811	43	24	1	0
20190812	43	24	1	0
20190813	43	24	1	0
20190814	43	24	1	0
20190815	43	24	1	0
20190816	43	24	1	0
20190817	43	24	1	0
20190818	43	24	1	0
20190819	43	24	1	0
20190820	43	24	1	0
20190821	43	24	1	0
20190822	43	24	1	0
20190823	43	24	1	0
20190824	43	24	1	0
20190825	43	24	1	0
20190826	43	24	1	0
20190827	43	24	1	0
20190828	43	24	1	0
20190829	43	24	1	0
20190830	43	24	1	0
20190831	43	24	1	0
20190901	43	25	1	0
20190902	43	25	1	0
20190903	43	25	1	0
20190904	43	25	1	0
20190905	43	25	1	0
20190906	43	25	1	0
20190907	43	25	1	0
20190908	43	25	1	0
20190909	43	25	1	0
20190910	43	25	1	0
20190911	43	25	1	0
20190912	43	25	1	0
20190913	43	25	1	0
20190914	43	25	1	0
20190915	43	26	1	0
20190916	43	26	1	0
20190917	43	26	1	0
20190918	43	26	1	0
20190919	43	26	1	0
20190920	43	26	1	0
20190921	43	26	1	0
20190922	43	26	1	0
20190923	42	25	1	0
20190924	42	25	1	0
20190925	42	25	1	0
20190926	42	25	1	0
20190927	42	25	1	0
20190928	42	25	1	0
20190929	42	25	1	0
20190930	42	25	1	0
20191001	42	25	1	0
20191002	42	25	1	0
20191003	42	25	1	0
20191004	42	25	1	0
20191005	42	25	1	0
20191006	42	25	1	0
20191007	42	25	1	0
20191008	42	25	1	0
20191009	42	25	1	0
20191010	42	25	1	0
20191011	42	25	1	0
20191012	42	25	1	0
20191013	42	25	1	0
20191014	42	25	1	0
20191015	42	25	1	0
20191016	42	25	1	0
20191017	42	25	1	0
20191018	42	25	1	0
20191019	42	25	1	0
20191020	42	25	1	0
20191021	42	25	1	0
20191022	42	25	1	0
20191023	42	25	1	0
20191024	42	25	1	0
20191025	42	25	1	0
20191026	42	25	1	0
20191027	42	25	1	0
20191028	42	25	1	0
20191029	42	25	1	0
20191030	42	25	1	0
20191031	42	25	1	0
20191101	42	25	1	0
20191102	42	25	1	0
20191103	42	25	1	0
20191104	42	25	1	0
20191105	42	25	1	0
20191106	42	25	1	0
20191107	42	25	1	0
20191108	42	25	1	0
20191109	42	25	1	0
20191110	42	25	1	0
20191111	43	26	1	1
20191112	43	26	1	1
20191113	43	26	1	1
20191114	43	26	1	1
20191115	43	26	1	1
20191116	43	26	1	1
20191117	43	26	1	1
20191119	43	26	1	1
20191120	43	26	1	1
20191121	43	26	1	1
20191122	43	26	0	1
20191123	43	26	0	1
20191124	43	26	0	1
20191125	43	26	0	1
20191126	43	26	0	1
20191127	43	26	0	1
20191128	43	26	0	1
20191129	43	26	0	1
20191130	43	26	0	1
20191201	43	26	0	1
20191202	43	26	0	1
20191203	43	26	0	1
20191204	43	26	0	1
20191205	43	26	0	1
20191206	43	26	0	1
20191207	43	26	0	1
20191208	43	26	0	1
20191209	43	26	0	1
20191210	43	26	0	1
20191211	43	26	0	1
20191212	43	26	0	1
20191213	43	26	0	1
20191214	43	26	0	1
20191215	43	26	0	1
20191216	43	26	0	1
20191217	43	26	0	1
20191218	43	26	0	1
20191219	43	26	0	1
20191220	43	26	0	1
20191221	43	26	0	1
20191222	43	26	0	1
20191223	43	26	0	1
20191224	43	26	0	1
20191225	43	26	0	1
20191226	43	26	0	1
20191227	43	26	0	1
20191228	43	26	0	1
20191229	43	26	0	1
20191230	43	26	0	1
20191231	43	26	0	1
20200101	43	0	0	1
20200102	43	0	0	1
20200103	43	0	0	1
20200104	43	0	0	1
20200105	43	0	0	1
20200106	43	4	0	1
20200107	43	4	0	1
20200108	43	4	0	1
20200109	43	4	1	1
20200110	43	4	1	1
20200111	43	4	1	1
20200112	43	4	1	1
20200113	43	4	1	1
20200114	43	4	1	1
20200115	43	4	1	1
20200116	43	4	1	1
20200117	43	4	1	1
20200118	43	4	1	1
20200119	43	4	1	1
20200120	43	4	1	1
20200121	43	4	1	1
20200122	43	4	1	1
20200123	43	4	1	1
20200124	43	4	1	1
20200125	43	4	1	1
20200126	43	5	1	1
20200127	43	5	1	1
20200128	43	5	1	1
20200129	43	5	1	1
20200130	43	5	1	1
20200131	43	5	1	1
20200201	43	5	1	1
20200202	43	5	1	1
20200203	43	5	1	1
20200204	43	5	1	1
20200205	43	5	1	1
20200206	43	5	1	1
20200207	43	5	1	1
20200208	43	7	1	1
20200209	43	7	1	1
20200210	43	7	1	1
20200211	43	7	1	1
20200212	43	7	1	1
20200213	43	7	1	1
20200214	43	7	1	1
20200215	43	7	1	1
20200216	43	9	1	1
20200217	43	10	1	1
20200218	43	10	1	1
20200219	43	10	1	1
20200220	43	11	1	1
20200221	43	11	1	1
20200222	43	11	1	1
20200223	43	12	1	1
20200224	43	12	1	1
20200225	43	12	1	1
20200226	43	12	1	1
20200227	43	12	1	1
20200228	43	12	1	1
20200229	43	12	1	1
20200301	43	12	1	1
20200302	43	12	1	1
20200303	43	12	1	1
20200304	43	12	1	1
20200305	43	12	1	1
20200306	43	12	1	1
20200307	43	12	1	1
20200308	43	12	1	1
20200309	43	12	1	1
20200310	43	12	1	1
20200311	43	12	1	1
20200312	43	12	1	1
20200313	43	12	1	1
20200314	43	12	1	1
20200315	43	12	1	1
20200316	43	12	1	1
20200317	43	12	1	1
20200318	43	12	1	1
20200319	43	12	1	1
20200320	43	12	1	1
20200321	43	12	1	1
20200322	43	14	1	1
20200323	43	14	1	1
20200324	43	14	1	1
20200325	43	14	1	1
20200326	43	14	1	1
20200327	42	14	1	1
20200328	42	14	1	1
20200329	42	14	1	1
20200330	42	14	1	1
20200331	41	14	1	1
20200401	41	14	1	1
20200402	41	14	1	1
20200403	41	14	1	1
20200404	41	14	1	1
20200405	41	14	1	1
20200406	41	15	1	1
20200407	41	15	1	1
20200408	41	15	1	1
20200409	41	15	1	1
20200410	41	15	1	1
20200411	41	15	1	1
20200412	41	15	1	1
20200413	41	15	1	1
20200414	41	15	1	1
20200415	41	15	1	1
20200416	41	15	1	1
20200417	41	15	1	1
20200418	41	15	1	1
20200419	41	15	1	1
20200420	41	15	1	1
20200421	41	15	1	1
20200422	41	16	1	1
20200423	41	16	1	1
20200424	41	16	1	1
20200425	41	16	1	1
20200426	41	18	1	1
20200427	41	18	1	1
20200428	41	19	1	1
20200429	41	19	1	1
20200430	41	19	1	1
20200501	41	19	1	1
20200502	41	20	1	1
20200503	41	20	1	1
20200504	41	20	1	1
20200505	41	20	1	1
20200506	41	20	1	1
20200507	40	20	1	1
20200508	40	20	1	1
20200509	40	20	1	1
20200615	39	20	1	1
20200616	39	20	1	1
20200617	39	20	1	1
20200618	39	20	1	1
20200619	39	20	1	1
20200620	39	20	1	1
20200621	39	20	1	1
20200622	39	20	1	1
20200623	39	20	1	1
20200624	39	20	1	1
20200625	39	20	1	1
20200626	39	20	1	1
20200627	39	20	1	1
20200628	39	20	1	1
20200629	39	20	1	1
20200630	40	21	1	1
20200701	40	21	1	1
20200702	40	21	1	1
20200703	40	21	1	1
20200704	40	21	1	1
20200705	40	21	1	1
20200706	40	21	1	1
20200707	40	21	1	1
20200708	40	21	0	1
20200709	40	21	0	1
20200710	40	21	0	1
20200711	40	21	0	1
20200712	40	21	0	1
20200713	40	21	0	1
20200714	40	21	0	1
20200715	40	21	0	1
20200716	40	21	0	1
20200717	40	21	0	1
20200718	40	21	0	1
20200719	40	21	0	1
20200720	40	21	0	1
20200721	40	21	0	1
20200722	40	21	0	1
20200723	40	21	0	1
20200724	40	21	0	1
20200725	40	21	0	1
20200726	40	21	0	1
20200727	40	21	0	1
20200728	40	21	0	1
20200729	40	21	0	1
20200730	40	21	0	1
20200731	40	21	0	1
20200801	40	21	0	1
20200802	40	21	0	1
20200803	40	21	0	1
20200804	40	21	0	1
20200805	40	21	0	1
20200806	40	21	0	1
20200807	40	21	0	1
20200808	40	21	0	1
20200809	40	22	0	1
20200810	40	22	0	1
20200811	40	22	0	1
20200812	40	22	0	1
20200813	40	22	0	1
20200814	40	22	0	1
20200815	40	22	0	1
20200816	40	22	0	1
20200817	40	22	0	1
20200818	40	22	0	1
20200819	40	22	0	1
20200820	40	22	2	1
20200821	40	22	2	1
20200822	40	22	2	1
20200823	40	22	2	1
20200824	40	22	3	1
20200825	40	22	3	1
20200826	40	22	3	1
20200827	40	22	3	1
20200828	40	22	3	1
20200829	40	22	3	1
20200830	41	22	2	1
20200831	41	22	2	1
20200901	41	22	2	1
20200902	41	22	2	1
20200903	41	22	2	1
20200904	41	22	2	1
20200905	41	22	2	1
20200906	41	23	2	1
20200907	41	23	2	1
20200908	41	23	2	1
20200909	41	23	2	1
20200910	41	23	2	1
20200911	41	23	2	1
20200912	41	23	2	1
20200913	41	23	2	1
20200914	41	23	2	1
20200915	41	23	2	1
20200916	41	23	2	1
20200917	41	23	2	1
20200918	41	23	2	1
20200919	41	23	2	1
20200920	41	23	2	1
20200921	41	23	2	1
20200922	41	23	2	1
20200923	41	23	2	1
20200924	41	23	2	1
20200925	41	23	2	1
20200926	41	23	2	1
20200927	41	23	2	1
20200928	41	23	2	1
20200929	41	23	2	1
20200930	41	23	2	1
20201001	41	23	2	1
20201002	41	23	2	1
20201003	41	23	2	1
20201004	41	23	2	1
20201005	41	23	2	1
20201006	41	23	2	1
20201007	41	23	2	1
20201008	41	23	2	1
20201009	41	23	2	1
20201010	41	23	2	1
20201011	41	23	2	1
20201012	41	23	2	1
20201013	41	23	2	1
20201014	41	23	2	1
20201015	41	23	2	1
20201016	41	23	2	1
20201017	41	23	2	1
20201018	41	23	2	1
20201019	41	23	2	1
20201020	41	23	2	1
20201021	41	23	2	1
20201022	41	23	2	1
20201023	41	23	2	1
20201024	41	23	2	1
20201025	41	23	2	1
20201026	41	23	2	1
20201027	41	23	2	1
20201028	41	23	2	1
20201029	41	23	2	1
20201030	41	23	2	1
20201031	41	23	2	1
20201101	41	23	2	1
20201102	41	23	2	1
20201103	41	23	2	1
20201104	41	23	2	1
20201105	41	23	2	1
20201106	41	23	2	1
20201107	41	23	2	1
20201108	42	24	1	1
20201109	42	24	1	1
20201110	42	24	1	1
20201111	42	24	1	1
20201112	42	24	1	1
20201113	42	24	1	1
20201114	42	24	1	1
20201115	42	24	1	1
20201116	42	24	1	1
20201117	42	24	1	1
20201118	42	24	1	1
20201119	42	24	1	1
20201120	42	24	1	1
20201121	42	24	1	1
20201122	42	24	1	1
20201123	42	24	1	1
20201124	42	24	1	1
20201125	42	24	1	1
20201126	42	24	1	1
20201127	42	24	1	1
20201128	42	24	1	1
20201129	42	24	1	1
20201130	42	24	1	1
20201201	42	24	1	1
20201202	42	24	1	1
20201203	42	24	1	1
20201204	42	24	1	1
20201205	42	24	1	1
20201206	42	24	1	1
20201207	42	24	1	1
20201208	42	24	1	1
20201209	42	24	1	1
20201210	42	24	1	1
20201211	42	24	1	1
20201212	42	24	1	1
20201213	42	24	1	1
20201214	42	24	1	1
20201215	42	24	1	1
20201216	42	24	1	1
20201217	42	24	1	1
20201218	42	24	1	1
20201219	42	24	1	1
20201220	42	24	1	1
20201221	42	24	1	1
20201222	42	24	1	1
20201223	42	24	1	1
20201224	42	24	1	1
20201225	42	24	1	1
20201226	42	24	1	1
20201227	42	24	1	1
20201228	42	24	1	1
20201229	42	24	1	1
20201230	42	24	1	1
20201231	41	23	1	1
20210101	41	0	1	1
20210102	41	0	1	1
20210103	41	0	1	1
20210104	41	6	1	1
20210105	41	6	1	1
20210106	41	6	1	1
20210107	41	6	1	1
20210108	41	6	1	1
20210109	41	6	1	1
20210110	41	6	1	1
20210111	41	6	1	1
20210112	41	6	1	1
20210113	41	6	1	1
20210114	41	6	1	1
20210115	41	6	1	1
20210116	41	6	1	1
20210117	42	7	1	1
20210118	42	7	1	1
20210119	42	7	1	1
20210120	42	7	1	1
20210121	42	7	1	1
20210122	42	7	1	1
20210123	42	7	1	1
20210124	42	8	1	1
20210125	42	8	1	1
20210126	42	8	1	1
20210127	42	8	1	1
20210128	42	8	1	1
20210129	42	8	1	1
20210130	42	8	1	1
20210131	42	8	1	1
20210201	42	8	1	1
20210202	42	8	1	1
20210203	42	8	1	1
20210204	42	8	1	1
20210205	42	8	1	1
20210206	42	10	1	1
20210207	42	10	1	1
20210208	42	10	1	1
20210209	41	9	1	1
20210210	41	9	1	1
20210211	41	9	1	1
20210212	41	9	1	1
20210213	41	9	1	1
20210214	41	10	1	1
20210215	41	10	1	1
20210216	41	10	1	1
20210217	41	10	0	1
20210218	41	10	0	1
20210219	41	10	0	1
20210220	41	10	0	1
20210221	41	11	0	1
20210222	41	11	0	1
20210223	41	11	0	1
20210224	41	11	0	1
20210225	41	11	0	1
20210226	41	11	0	1
20210227	41	11	0	1
20210228	41	12	0	1
20210301	41	12	0	1
20210302	41	12	0	1
20210303	41	12	0	1
20210304	41	12	0	1
20210305	41	12	0	1
20210306	41	12	0	1
20210307	41	12	0	1
20210308	41	12	0	1
20210309	41	12	0	1
20210310	41	12	0	1
20210311	41	12	0	1
20210312	41	12	0	1
20210313	41	12	0	1
20210314	41	13	0	1
20210315	41	13	0	1
20210316	41	13	0	1
20210317	41	13	0	1
20210318	41	13	0	1
20210319	41	13	0	1
20210320	41	13	0	1
20210321	41	15	0	1
20210322	41	15	0	1
20210323	41	15	0	1
20210324	41	15	0	1
20210325	41	15	0	1
20210326	41	15	0	1
20210327	41	15	0	1
20210328	41	17	0	1
20210329	41	18	0	1
20210330	41	18	0	1
20210331	41	18	0	1
20210401	41	18	0	1
20210402	41	18	0	1
20210403	41	18	0	1
20210404	41	18	0	1
20210405	41	18	0	1
20210406	41	18	0	1
20210407	41	18	0	1
20210408	41	18	1	1
20210409	41	18	1	1
20210410	41	18	1	1
20210411	41	18	1	1
20210412	41	18	1	1
20210413	41	18	1	1
20210414	41	18	1	1
20210415	41	18	1	1
20210416	41	18	1	1
20210417	41	18	1	1
20210418	41	19	1	1
20210419	41	19	1	1
20210420	41	19	1	1
20210421	41	19	1	1
20210422	41	19	1	1
20210423	41	19	1	1
20210424	42	20	0	1
20210425	42	20	0	1
20210426	42	20	0	1
20210427	42	20	0	1
20210428	42	20	0	1
20210429	42	20	0	1
20210430	42	20	0	1
20210501	42	20	0	1
20210502	42	21	0	1
20210503	42	21	0	1
20210504	42	21	0	1
20210505	42	21	0	1
20210506	42	21	0	1
20210507	42	21	0	1
20210508	42	21	0	1
20210509	42	21	0	1
20210510	42	21	0	1
20210511	42	21	0	1
20210512	42	21	0	1
20210513	42	21	0	1
20210514	42	21	0	1
20210515	42	21	0	1
20210516	42	21	0	1
20210517	42	21	0	1
20210518	42	21	0	1
20210519	42	21	0	1
20210520	42	21	0	1
20210521	42	21	0	1
20210522	42	21	0	1
20210523	42	21	0	1
20210524	42	21	0	1
20210525	42	21	0	1
20210526	42	21	0	1
20210527	42	21	0	1
20210528	42	21	0	1
20210529	42	21	0	1
20210530	42	21	0	1
20210531	42	21	0	1
20210601	42	21	0	1
20210602	42	21	0	1
20210603	42	21	0	1
20210604	42	21	0	1
20210605	42	21	0	1
20210606	42	21	0	1
20210607	42	21	0	1
20210608	42	21	0	1
20210609	42	21	0	1
20210610	42	21	0	1
20210611	42	21	0	1
20210612	42	21	0	1
20210613	42	21	0	1
20210614	42	21	0	1
20210615	42	21	0	1
20210616	42	21	0	1
20210617	42	21	0	1
20210618	42	21	0	1
20210619	42	21	0	1
20210620	42	21	0	1
20210621	42	21	0	1
20210622	42	21	0	1
20210623	42	21	0	1
20210624	42	21	0	1
20210625	42	21	0	1
20210626	42	21	0	1
20210627	42	21	0	1
20210628	42	21	0	1
20210629	42	21	0	1
20210630	42	21	0	1
20210701	42	21	0	1
20210702	42	21	0	1
20210703	42	21	0	1
20210704	42	21	0	1
20210705	42	21	0	1
20210706	42	21	0	1
20210707	42	21	0	1
20210708	42	21	0	1
20210709	42	21	0	1
20210710	42	21	0	1
20210711	42	22	0	1
20210712	42	22	0	1
20210713	42	22	0	1
20210714	42	22	0	1
20210715	42	22	0	1
20210716	42	22	0	1
20210717	42	22	0	1
20210718	42	22	0	1
20210719	42	22	0	1
20210720	42	22	0	1
20210721	42	22	0	1
20210722	42	22	0	1
20210723	42	22	0	1
20210724	42	22	0	1
20210725	42	22	0	1
20210726	42	22	0	1
20210727	42	22	0	1
20210728	42	22	0	1
20210729	42	22	0	1
20210730	42	22	0	1
20210731	42	22	0	1
20210801	42	22	0	1
20210802	42	22	0	1
20210803	42	22	0	1
20210804	42	22	0	1
20210805	42	22	0	1
20210806	42	22	0	1
20210807	42	22	0	1
20210808	42	22	0	1
20210809	42	22	0	1
20210810	42	22	0	1
20210811	42	22	0	1
20210812	42	22	0	1
20210813	42	22	0	1
20210814	42	22	0	1
20210815	42	22	0	1
20210816	42	22	0	1
20210817	42	22	0	1
20210818	42	22	0	1
20210819	42	22	0	1
20210820	42	22	0	1
20210821	42	22	0	1
20210822	42	22	0	1
20210823	42	22	0	1
20210824	42	22	0	1
20210825	42	22	0	1
20210826	42	22	0	1
20210827	42	22	0	1
20210828	42	22	0	1
20210829	42	22	0	1
20210830	42	22	0	1
20210831	42	22	0	1
20210901	42	22	0	1
20210902	42	22	0	1
20210903	42	22	0	1
20210904	42	22	0	1
20210905	42	22	0	1
20210906	42	22	0	1
20210907	42	22	0	1
20210908	42	22	0	1
20210909	42	22	0	1
20210910	42	22	0	1
20210911	42	22	0	1
20210912	42	22	0	1
20210913	42	22	0	1
20210914	42	22	0	1
20210915	42	22	0	1
20210916	42	22	0	1
20210917	42	22	0	1
20210918	42	22	0	1
20210919	42	22	0	1
20210920	42	22	0	1
20210921	42	22	0	1
20210922	42	22	0	1
20210923	42	22	0	1
20210924	42	22	0	1
20210925	42	22	0	1
20210926	42	22	0	1
20210927	42	22	0	1
20210928	42	22	0	1
20210929	42	22	0	1
20210930	42	22	0	1
20211001	42	22	0	1
20211002	42	22	0	1
20211003	42	22	0	1
20211004	42	22	0	1
20211005	42	22	0	1
20211006	42	22	0	1
20211007	42	22	0	1
20211008	42	22	0	1
20211009	42	22	0	1
20211010	42	22	0	1
20211011	42	22	0	1
20211012	42	22	0	1
20211013	42	22	0	1
20211014	42	22	0	1
20211015	42	22	0	1
20211016	42	22	0	1
20211017	42	22	0	1
20211018	42	22	0	1
20211019	42	22	0	1
20211020	42	22	0	1
20211021	42	22	0	1
20211022	42	22	0	1
20211023	42	22	0	1
20211024	42	22	0	1
20211025	42	22	0	1
20211026	42	22	0	1
20211027	42	22	0	1
20211028	42	22	0	1
20211029	42	22	0	1
20211030	42	22	0	1
20211031	42	22	0	1
20211101	42	22	0	1
20211102	42	22	0	1
20211103	42	22	0	1
20211104	42	22	0	1
20211105	42	22	0	1
20211106	42	22	0	1
20211107	42	22	0	1
20211108	42	22	0	1
20211109	42	22	0	1
20211110	42	22	0	1
20211111	42	22	0	1
20211112	42	22	0	1
20211113	42	22	0	1
20211114	42	22	0	1
20211115	42	22	0	1
20211116	42	22	0	1
20211117	42	22	0	1
20211118	42	22	0	1
20211119	42	22	0	1
20211120	42	22	0	1
20211121	42	22	0	1
20211122	42	22	0	1
20211123	42	22	0	1
20211124	42	22	0	1
20211125	42	22	0	1
20211126	42	22	0	1
20211127	42	22	0	1
20211128	42	22	0	1
20211129	42	22	0	1
20211130	42	22	0	1
20211201	42	22	0	1
20211202	42	22	0	1
20211203	42	22	0	1
20211204	42	22	0	1
20211205	42	22	0	1
20211206	42	22	0	1
20211207	42	22	0	1
20211208	42	22	0	1
20211209	42	22	0	1
20211210	42	22	0	1
20211211	42	22	0	1
20211212	42	22	0	1
20211213	42	22	0	1
20211214	42	22	0	1
20211215	42	22	0	1
20211216	42	22	0	1
20211217	42	22	0	1
20211218	42	22	0	1
20211219	42	22	0	1
20211220	42	22	0	1
20211221	42	22	0	1
20211222	42	22	0	1
20211223	42	22	0	1
20211224	41	21	0	0
20211225	41	21	0	0
20211226	41	21	0	0
20211227	41	21	0	0
20211228	41	21	0	0
20211229	41	21	0	0
20211230	41	21	0	0
20211231	41	21	0	0
20220101	41	0	0	0
20220102	41	0	0	0
20220103	41	0	0	0
20220104	41	0	0	0
20220105	41	0	0	0
20220106	41	1	0	0
20220107	41	6	0	0
20220108	41	6	0	0
20220109	41	7	0	0
20220110	41	7	0	0
20220111	41	7	0	0
20220112	41	7	0	0
20220113	41	7	0	0
20220114	41	7	0	0
20220115	41	7	0	0
20220116	41	7	0	0
20220117	41	7	0	0
20220118	41	7	0	0
20220119	40	6	0	0
20220120	40	6	0	0
20220121	40	6	0	0
20220122	40	6	0	0
20220123	40	7	0	0
20220124	40	7	0	0
20220125	40	7	0	0
20220126	40	7	0	0
20220127	40	7	0	0
20220128	40	7	0	0
20220129	40	7	0	0
20220130	40	7	0	0
20220131	40	7	0	0
20220201	40	7	0	0
20220202	40	7	0	0
20220203	40	7	0	0
20220204	40	7	0	0
20220205	40	7	0	0
20220206	40	7	0	0
20220207	40	7	0	0
20220208	40	7	0	0
20220209	40	7	0	0
20220210	40	7	0	0
20220211	40	8	0	0
20220212	40	8	0	0
20220213	40	8	0	0
20220214	40	8	0	0
20220215	40	8	0	0
20220216	40	8	0	0
20220217	40	8	0	0
20220218	40	8	0	0
20220219	40	8	0	0
20220220	40	8	0	0
20220221	40	8	0	0
20220222	40	8	0	0
20220223	40	8	0	0
20220224	40	8	0	0
20220225	40	8	0	0
20220226	40	8	0	0
20220227	40	8	0	0
20220228	40	8	0	0
20220301	40	8	0	0
20220302	40	8	0	0
20220303	40	8	0	0
20220304	40	8	0	0
20220305	40	8	0	0
20220306	40	8	0	0
20220307	40	8	0	0
20220308	40	8	0	0
20220309	40	8	0	0
20220310	40	8	0	0
20220311	40	8	0	0
20220312	40	8	0	0
20220313	40	8	0	0
20220314	40	8	0	0
20220315	40	8	0	0
20220316	40	8	0	0
20220317	40	8	0	0
20220318	40	8	0	0
20220319	40	8	0	0
20220320	40	8	0	0
20220321	40	8	0	0
20220322	40	8	0	0
20220323	40	8	0	0
20220324	40	8	0	0
20220325	40	8	0	0
20220326	40	8	0	0
20220327	40	8	0	0
20220328	40	8	0	0
20220329	40	8	0	0
20220330	40	8	0	0
20220331	40	8	0	0
20220401	40	8	0	0
20220402	40	8	0	0
20220403	40	9	0	0
20220404	40	9	0	0
20220405	40	9	0	0
20220406	40	9	0	0
20220407	40	9	0	0
20220408	40	9	0	0
20220409	40	9	0	0
20220410	40	9	0	0
20220411	40	9	0	0
20220412	40	9	0	0
20220413	40	9	0	0
20220414	40	9	0	0
20220415	40	9	0	0
20220416	40	9	0	0
20220417	40	9	0	0
20220418	40	9	0	0
20220419	40	9	0	0
20220420	40	9	0	0
20220421	40	9	0	0
20220422	40	9	0	0
20220423	40	9	0	0
20220424	40	9	0	0
20220425	40	9	0	0
20220426	40	9	0	0
20220427	40	9	0	0
20220428	40	9	0	0
20220429	40	9	0	0
20220430	40	9	0	0
20220501	40	9	0	0
20220502	40	9	0	0
20220503	40	9	0	0
20220504	39	9	0	0
20220505	39	9	0	0
20220506	39	9	0	0
20220507	39	9	0	0
20220508	40	9	0	0
20220509	40	9	0	0
20220510	40	9	0	0
20220511	40	9	0	0
20220512	40	9	0	0
20220513	40	9	0	0
20220514	40	9	0	0
20220515	40	9	0	0
20220516	40	9	0	0
20220517	40	9	0	0
20220518	40	9	0	0
20220519	40	9	0	0
20220520	40	9	0	0
20220521	40	9	0	0
20220522	40	9	0	0
20220523	40	9	0	0
20220524	40	9	0	0
20220525	40	9	0	0
20220526	40	9	0	0
20220527	40	9	0	0
20220528	40	9	0	0
20220529	40	9	0	0
20220530	40	9	0	0
20220531	40	9	0	0
20220601	40	9	0	0
20220602	40	9	0	0
20220603	40	9	0	0
20220604	40	9	0	0
20220605	40	9	0	0
20220606	40	9	0	0
20220607	40	9	0	0
20220608	40	9	0	0
20220609	40	9	0	0
20220610	40	9	0	0
20220611	40	9	0	0
20220612	40	9	0	0
20220613	40	9	0	0
20220614	40	10	0	0
20220615	40	11	0	0
20220616	40	11	0	0
20220617	40	11	0	0
20220618	40	11	0	0
20220619	40	11	0	0
20220620	40	11	0	0
20220621	40	11	0	0
20220622	40	11	0	0
20220623	40	11	0	0
20220624	40	11	0	0
20220625	40	11	0	0
20220626	40	11	0	0
20220627	40	11	0	0
20220628	40	11	0	0
20220629	40	11	0	0
20220630	40	11	0	0
20220701	40	11	0	0
20220702	40	11	0	0
20220703	40	11	0	0
20220704	40	11	0	0
20220705	40	11	0	0
20220706	40	11	0	0
20220707	40	11	0	0
20220708	40	11	0	0
20220709	40	11	0	0
20220710	40	11	0	0
20220711	40	11	0	0
20220712	40	11	0	0
20220713	40	11	0	0
20220714	40	11	0	0
20220715	40	11	0	0
20220716	40	11	0	0
20220717	40	11	0	0
20220718	40	11	0	0
20220719	40	11	0	0
20220720	40	11	0	0
20220721	40	11	0	0
20220722	40	11	1	0
20220723	40	11	1	0
20220724	40	11	0	0
20220725	40	11	0	0
20220726	40	11	0	0
20220727	40	11	0	0
20220728	40	11	0	0
20220729	40	11	0	0
20220730	40	11	0	0
20220731	40	13	0	0
20220801	40	13	0	0
20220802	40	13	0	0
20220803	40	13	0	0
20220804	40	13	0	0
20220805	40	13	0	0
20220806	40	13	0	0
20220807	40	13	0	0
20220808	40	13	0	0
20220809	40	13	0	0
20220810	40	13	0	0
20220811	40	13	0	0
20220812	40	13	0	0
20220813	40	13	0	0
20220814	40	13	0	0
20220815	40	13	0	0
20220816	40	13	0	0
20220817	40	13	0	0
20220818	40	13	0	0
20220819	40	13	0	0
20220820	40	13	0	0
20220821	40	13	0	0
20220822	40	13	0	0
20220823	40	13	0	0
20220824	40	13	0	0
20220825	40	13	0	0
20220826	40	13	0	0
20220827	40	13	0	0
20220828	40	13	0	0
20220829	40	13	0	0
20220830	40	13	0	0
20220831	40	13	0	0
20220901	40	13	0	0
20220902	40	13	0	0
20220903	40	13	0	0
20220904	40	13	0	0
20220905	40	13	0	0
20220906	40	13	0	0
20220907	40	13	0	0
20220908	40	13	0	0
20220909	40	13	0	0
20220910	40	13	0	0
20220911	40	13	0	0
20220912	40	13	0	0
20220913	40	13	0	0
20220914	40	13	0	0
20220915	40	13	0	0
20220916	40	13	0	0
20220917	40	13	0	0
20220918	40	13	0	0
20220919	40	13	0	0
20220920	40	13	0	0
20220921	40	13	0	0
20220922	40	13	0	0
20220923	40	13	0	0
20220924	40	13	0	0
20220925	40	13	0	0
20220926	40	13	0	0
20220927	40	13	0	0
20220928	40	14	0	0
20220929	40	14	0	0
20220930	40	14	0	0
20221001	40	14	0	0
20221002	40	14	0	0
20221003	40	14	0	0
20221004	40	14	0	0
20221005	40	14	0	0
20221006	40	14	0	0
20221007	40	14	0	0
20221008	40	14	0	0
20221009	40	14	0	0
20221010	40	14	0	0
20221011	40	14	0	0
20221012	40	14	0	0
20221013	40	14	0	0
20221014	40	14	0	0
20221015	40	14	0	0
20221016	40	14	0	0
20221017	40	14	0	0
20221018	40	14	0	0
20221019	40	14	0	0
20221020	40	14	0	0
20221021	40	14	0	0
20221022	40	14	0	0
20221023	40	14	0	0
20221024	40	14	0	0
20221025	40	14	0	0
20221026	40	14	0	0
20221027	40	14	0	0
20221028	40	14	0	0
20221029	40	14	0	0
20221030	40	14	0	0
20221031	40	14	0	0
20221101	40	14	0	0
20221102	40	14	0	0
20221103	40	14	0	0
20221104	40	14	0	0
20221105	40	14	0	0
20221106	40	14	0	0
20221107	40	14	0	0
20221108	40	14	0	0
20221109	40	14	0	0
20221110	40	14	0	0
20221111	40	14	0	0
20221112	40	14	0	0
20221113	40	14	0	0
20221114	40	14	0	0
20221115	40	14	0	0
20221116	40	14	0	0
20221117	40	14	0	0
20221118	40	14	0	0
20221119	40	14	0	0
20221120	40	14	0	0
20221121	40	14	0	0
20221122	40	14	0	0
20221123	40	14	0	0
20221124	40	14	0	0
20221125	40	14	0	0
20221126	40	14	0	0
20221127	40	14	0	0
20221128	40	14	0	0
20221129	40	14	0	0
20221130	40	14	0	0
20221201	40	14	0	0
20221202	40	14	0	0
20221203	40	14	0	0
20221204	40	14	0	0
20221205	40	14	0	0
20221206	40	14	0	0
20221207	40	14	0	0
20221208	40	14	0	0
20221209	40	14	0	0
20221210	40	14	0	0
20221211	40	14	0	0
20221212	40	14	0	0
20221213	40	14	0	0
20221214	40	14	0	0
20221215	40	14	0	0
20221216	40	14	0	0
20221217	40	14	0	0
20221218	40	14	0	0
20221219	40	14	0	0
20221220	40	14	0	0
20221221	40	14	0	0
20221222	40	14	0	0
20221223	40	14	0	0
20221224	40	14	0	0
20221225	40	14	0	0
20221226	40	14	0	0
20221227	40	14	0	0
20221228	40	14	0	0
20221229	40	14	0	0
20221230	40	14	0	0
20221231	40	14	0	0
20230101	40	0	0	0
20230102	40	0	0	0
20230103	40	0	0	0
20230104	40	0	0	0
20230105	40	1	0	0
20230106	40	6	0	0
20230107	40	6	0	0
20230108	40	7	0	0
20230109	40	7	0	0
20230110	40	7	0	0
20230111	40	7	0	0
20230112	40	7	0	0
20230113	40	7	0	0
20230114	40	7	0	0
20230115	40	7	0	0
20230116	40	7	0	0
20230117	40	7	0	0
20230118	40	7	0	0
20230119	40	7	0	0
20230120	40	7	0	0
20230121	40	7	0	0
20230122	40	7	0	0
20230123	40	7	0	0
20230124	39	7	0	0
20230125	39	7	0	0
20230126	39	7	0	0
20230127	39	7	0	0
20230128	39	7	0	0
20230129	39	7	0	0
20230130	39	7	0	0
20230131	39	7	1	0
20230201	39	7	0	0
20230202	39	7	0	0
20230203	39	8	0	0
20230204	39	8	0	0
20230205	39	8	0	0
20230206	39	8	0	0
20230207	39	8	0	0
20230208	39	8	0	0
20230209	39	8	0	0
20230210	39	8	0	0
20230211	39	8	0	0
20230212	39	8	0	0
20230213	39	8	0	0
20230214	39	8	0	0
20230215	39	8	0	0
20230216	39	8	0	0
20230217	39	8	0	0
20230218	39	8	0	0
20230219	39	8	0	0
20230220	39	8	0	0
20230221	39	8	0	0
20230222	39	8	0	0
20230223	39	8	0	0
20230224	39	8	0	0
20230225	39	8	0	0
20230226	39	8	0	0
20230227	39	8	0	0
20230228	39	8	0	0
20230301	39	8	0	0
20230302	39	8	0	0
20230303	39	8	0	0
20230304	39	8	0	0
20230305	39	8	0	0
20230306	39	8	0	0
20230307	39	8	0	0
20230308	39	8	0	0
20230309	39	8	0	0
20230310	39	8	0	0
20230311	39	8	0	0
20230312	39	8	0	0
20230313	39	8	0	0
20230314	39	8	0	0
20230315	39	8	0	0
20230316	39	8	0	0
20230317	39	8	0	0
20230318	39	8	0	0
20230319	37	9	0	0
20230320	37	9	0	0
20230321	37	9	0	0
20230322	37	9	0	0
20230323	37	9	0	0
20230324	37	9	0	0
20230325	37	9	0	0
20230326	37	10	0	0
20230327	37	10	0	0
20230328	37	10	0	0
20230329	37	10	0	0
20230330	37	10	0	0
20230331	37	10	0	0
20230401	37	10	0	0
20230402	37	11	0	0
20230403	37	11	0	0
20230404	37	11	0	0
20230405	37	11	0	0
20230406	37	11	0	0
20230407	37	11	0	0
20230408	37	11	0	0
20230409	37	11	0	0
20230410	37	11	0	0
20230411	37	11	0	0
20230412	37	11	0	0
20230413	37	11	0	0
20230414	37	11	0	0
20230415	37	11	0	0
20230416	37	11	0	0
20230417	37	11	0	0
20230418	37	11	0	0
20230419	37	11	0	0
20230420	37	11	0	0
20230421	37	11	0	0
20230422	37	11	0	0
20230423	37	11	0	0
20230424	37	11	0	0
20230425	37	11	0	0
20230426	37	11	0	0
20230427	37	11	0	0
20230428	37	11	0	0
20230429	37	11	0	0
20230430	37	11	0	0
20230501	37	11	0	0
20230502	37	11	0	0
20230503	37	11	0	0
20230504	37	11	0	0
20230505	37	11	0	0
20230506	37	11	0	0
20230507	37	11	0	0
20230508	37	11	0	0
20230509	37	11	0	0
20230510	37	11	0	0
20230511	37	11	0	0
20230512	37	11	0	0
20230513	37	11	0	0
20230514	37	11	0	0
20230515	37	11	0	0
20230516	37	11	0	0
20230517	37	11	0	0
20230518	37	11	0	0
20230519	37	11	0	0
20230520	37	11	0	0
20230521	37	11	0	0
20230522	37	11	0	0
20230523	37	11	0	0
20230524	37	11	0	0
20230525	37	11	0	0
20230526	37	11	0	0
20230527	36	10	0	0
20230528	36	10	0	0
20230529	36	10	0	0
20230530	36	10	0	0
20230531	36	10	0	0
20230601	36	10	0	0
20230602	36	10	0	0
20230603	36	10	0	0
20230604	36	10	0	0
20230605	36	10	0	0
20230606	36	10	0	0
20230607	36	10	0	0
20230608	36	10	0	0
20230609	36	10	0	0
20230610	36	10	0	0
20230611	36	10	0	0
20230612	36	10	0	0
20230613	36	10	0	0
20230614	36	10	0	0
20230615	36	10	0	0
20230616	36	10	0	0
20230617	36	10	0	0
20230618	36	10	0	0
20230619	36	10	0	0
20230620	36	10	0	0
20230621	36	10	0	0
20230622	36	10	0	0
20230623	36	10	0	0
20230624	36	10	0	0
20230625	36	10	0	0
20230626	36	10	0	0
20230627	36	12	0	0
20230628	36	12	0	0
20230629	36	12	0	0
20230630	36	12	0	0
20230701	36	12	0	0
20230702	36	12	0	0
20230703	36	12	0	0
20230704	36	12	0	0
20230705	36	12	0	0
20230706	36	12	0	0
20230707	36	12	0	0
20230708	36	12	0	0
20230709	36	12	0	0
20230710	36	12	0	0
20230711	36	12	0	0
20230712	36	12	0	0
20230713	36	12	0	0
20230714	36	12	0	0
20230715	36	12	0	0
20230716	36	12	0	0
20230717	36	12	0	0
20230718	36	12	0	0
20230719	36	12	0	0
20230720	36	12	0	0
20230721	36	12	0	0
20230722	36	12	0	0
20230723	36	12	0	0
20230724	36	12	0	0
20230725	36	12	0	0
20230726	36	12	0	0
20230727	36	12	0	0
20230728	36	12	0	0
20230729	36	12	0	0
20230730	36	12	0	0
20230731	36	12	0	0
20230801	36	12	0	0
20230802	36	12	0	0
20230803	36	12	0	0
20230804	36	12	0	0
20230805	36	12	0	0
20230806	36	12	0	0
20230807	36	12	0	0
20230808	36	12	0	0
20230809	36	12	0	0
20230810	36	12	0	0
20230811	36	12	0	0
20230812	36	12	0	0
20230813	36	12	0	0
20230814	36	12	0	0
20230815	36	12	0	0
20230816	36	12	0	0
20230817	36	12	0	0
20230818	36	12	0	0
20230819	36	12	0	0
20230820	36	12	0	0
20230821	36	12	0	0
20230822	36	12	0	0
20230823	36	12	0	0
20230824	36	12	0	0
20230825	36	12	0	0
20230826	36	12	0	0
20230827	36	12	0	0
20230828	36	12	0	0
20230829	36	12	0	0
20230830	36	12	0	0
20230831	36	12	0	0
20230901	36	12	0	0
20230902	36	12	0	0
20230903	36	12	0	0
20230904	36	12	0	0
20230905	36	12	0	0
20230906	36	12	0	0
20230907	36	12	0	0
20230908	36	12	0	0
20230909	36	12	0	0
20230910	36	12	0	0
20230911	36	12	0	0
20230912	36	12	0	0
20230913	36	12	0	0
20230914	36	12	0	0
20230915	36	12	0	0
20230916	36	12	0	0
20230917	36	12	0	0
20230918	36	12	0	0
20230919	36	12	0	0
20230920	36	12	0	0
20230921	36	12	0	0
20230922	36	12	0	0
20230923	36	12	0	0
20230924	36	12	0	0
20230925	36	12	0	0
20230926	36	12	0	0
20230927	36	12	0	0
20230928	36	12	0	0
20230929	36	12	0	0
20230930	36	12	0	0
20231001	36	12	0	0
20231002	36	12	0	0
20231003	36	12	0	0
20231004	36	12	0	0
20231005	36	12	0	0
20231006	36	12	0	0
20231007	36	12	0	0
20231008	36	12	0	0
20231009	36	12	0	0
20231010	36	12	0	0
20231011	35	11	0	0
20231012	35	11	0	0
20231013	35	11	0	0
20231014	35	11	0	0
20231015	35	11	0	0
20231016	35	11	0	0
20231017	35	11	0	0
20231018	35	11	0	0
20231019	35	11	0	0
20231020	35	11	0	0
20231021	35	11	0	0
20231022	35	11	0	0
20231023	35	11	0	0
20231024	35	11	0	0
20231025	35	11	0	0
20231026	35	11	0	0
20231027	35	11	0	0
20231028	35	11	0	0
20231029	35	11	0	0
20231030	35	11	0	0
20231031	35	11	0	0
20231101	35	11	0	0
20231102	35	11	0	0
20231103	35	11	0	0
20231104	35	11	0	0
20231105	35	11	0	0
20231106	35	11	0	0
20231107	35	11	0	0
20231108	35	11	0	0
20231109	35	11	0	0
20231110	35	11	0	0
20231111	35	11	0	0
20231112	35	11	0	0
20231113	35	11	0	0
20231114	35	11	0	0
20231115	35	11	0	0
20231116	35	11	0	0
20231117	35	11	0	0
20231118	35	11	0	0
20231119	35	11	0	0
20231120	35	11	0	0
20231121	35	11	0	0
20231122	35	11	0	0
20231123	35	11	0	0
20231124	35	11	0	0
20231125	35	11	0	0
20231126	35	11	0	0
20231127	35	11	0	0
20231128	35	11	0	0
20231129	35	11	0	0
20231130	35	11	0	0
20231201	35	11	0	0
20231202	35	11	0	0
20231203	35	11	0	0
20231204	35	11	0	0
20231205	35	11	1	0
20231206	35	11	1	0
20231207	35	11	1	0
20231208	35	11	1	0
20231209	35	11	1	0
20231210	35	11	1	0
20231211	35	11	1	0
20231212	35	11	1	0
20231213	35	11	1	0
20231214	35	11	1	0
20231215	35	11	1	0
20231216	35	11	1	0
20231217	35	11	1	0
20231218	35	11	1	0
20231219	35	11	1	0
20231220	34	10	1	0
20231221	34	10	1	0
20231222	33	9	1	0
20231223	33	9	1	0
20231224	33	9	1	0
20231225	33	9	1	0
20231226	33	9	1	0
20231227	33	9	1	0
20231228	33	9	1	0
20231229	33	9	1	0
20231230	33	9	1	0
20231231	33	9	1	0
20240101	33	0	1	0
20240102	33	0	1	0
20240103	33	0	1	0
20240104	33	3	1	0
20240105	33	3	1	0
20240106	33	3	1	0
20240107	33	3	1	0
20240108	33	4	1	0
20240109	33	4	1	0
20240110	33	4	1	0
20240111	33	4	1	0
20240112	33	4	1	0
20240113	33	4	1	0
20240114	33	4	1	0
20240115	33	5	1	0
20240116	33	5	1	0
20240117	33	5	1	0
20240118	33	5	1	0
20240119	33	5	1	0
20240120	33	5	1	0
20240121	33	5	0	0
20240122	33	5	0	0
20240123	33	5	0	0
20240124	33	5	0	0
20240125	33	5	0	0
20240126	33	5	0	0
20240127	33	5	0	0
20240128	33	5	0	0
20240129	33	5	0	0
20240130	33	5	0	0
20240131	33	5	0	0
20240201	33	5	0	0
20240202	33	5	0	0
20240203	33	5	0	0
20240204	33	5	0	0
20240205	33	5	0	0
20240206	33	5	0	0
20240207	33	5	0	0
20240208	33	5	0	0
20240209	33	5	0	0
20240210	33	5	0	0
20240211	33	5	0	0
20240212	33	5	0	0
20240213	33	5	0	0
20240214	33	5	0	0
20240215	33	5	0	0
20240216	33	5	0	0
20240217	33	5	0	0
20240218	33	5	0	0
20240219	33	5	0	0
20240220	33	5	0	0
20240221	33	5	0	0
20240222	33	5	0	0
20240223	33	5	0	0
20240224	33	5	0	0
20240225	33	5	0	0
20240226	33	5	0	0
20240227	33	5	0	0
20240228	33	5	0	0
